,slope,intercept
0,0.528269863867665,17.828983575035345
1,0.6328808648667852,18.182785888364617
2,0.6375540372853665,18.209725120007096
3,0.602897319147313,18.077199499158485
4,0.7486446757173322,18.660223868404458
5,0.570401508173138,18.087234722132848
6,0.5734427161263274,18.102136323538733
7,0.5754783796563326,18.138398855906093
8,0.5715282406760266,18.33475619424624
9,0.5527575778092426,18.269214156133415
10,0.5765252724900495,18.59790397880034
11,0.5687796265000418,18.895509714641726
12,0.5724756271946903,19.26390264218676
13,0.7572051867077934,20.40750449250705
14,0.6459094706909335,20.58271924112461
15,0.6629629472757167,21.29757889152154
16,0.6911815448678481,21.958042381032136
17,0.7292296615532601,22.669416168872896
18,0.7708549119950147,23.41041536313256
19,0.7400942554401837,24.033061065223446
20,0.8118866621944054,24.904993114343778
21,0.836758211957808,25.677636365020923
22,0.8798068997928461,26.40248585380736
23,0.9089576544349192,27.28360856893791
24,0.9455694703260913,27.861468538578723
25,0.9683010682370634,28.65192628450665
26,1.004991954314454,29.44969654555869
27,1.0358925495700395,30.19572952381471
28,1.0953096541758205,31.013885599303233
29,1.1107420869202367,31.748447957950262
30,1.1485665257428828,32.541732700718235
31,1.1696965713922356,33.04593383494584
32,1.1828209082118324,33.83707188295024
33,1.2359319378005957,34.55110182363266
34,1.291775027061863,35.27266754533232
35,1.3086481745054692,36.03621274146291
36,1.3505312484067837,36.71794297463665
37,1.34026094538696,37.32766485632471
38,1.3786057329210504,38.017619634747646
39,1.4222172478073773,38.618921905137924
40,1.4376739007261394,39.34032597518352
41,1.4429849316439447,39.908189081693415
42,1.4375857942248955,40.472531834866125
43,1.4967391350341122,41.26853354678974
44,1.5188699281705271,41.86493861210857
45,1.5809588256981602,42.943698589425274
46,1.6155031469027887,43.72613773390337
47,1.6506989435084947,44.70162507759022
48,1.7877782140576854,45.985204485628834
49,1.7788533567622284,46.73875064095044
50,1.8232162298668524,47.80473712562402
51,1.875049640552101,48.67319505618884
52,1.9401364291128538,49.84301041588104
53,1.9389530131568853,50.72505625106459
54,2.023550612358428,51.82252331670233
55,2.095752627474039,52.99562709923717
56,2.099299077214822,53.8960461619954
57,2.1642268181054485,55.118714104058405
58,2.2035543512865914,56.071400848566974
59,2.238558813560195,57.063020972158874
60,2.213366977851998,57.139483075612794
61,2.2244965371222394,58.12994559588933
62,2.50031157954114,59.60639376269046
63,2.8395836607027114,61.56942628579213
64,2.5548901101158545,61.192806502333646
65,2.6409215465345177,62.20504477725023
66,2.9750162422641457,64.155638466081
67,2.697533046819602,63.710224409238705
68,2.7194599947822655,64.24832166048738
69,2.72971756126632,64.79948350345528
70,2.726233635211177,65.16181766933705
71,2.718402405716304,65.4210869000936
72,2.6724424601601147,65.39762970096568
73,2.669442854441447,65.68535291758018
74,2.702032014278637,65.99889712810624
75,2.931334892447357,67.09628038145082
76,2.7439754906087765,66.68664466419209
77,2.738812110015596,66.96376895085811
78,2.675922660907393,67.29475752749886
79,2.761642837840709,68.05015611485197
80,2.7298152703036065,68.5421069957743
81,2.7356829167703163,69.26206660140092
82,2.8303646342959325,70.2977050466079
83,2.893678753609056,71.04414208885456
84,2.9129509130078195,71.52267798545085
85,3.0164527026007653,72.70840674239113
86,2.9745506357726788,73.14062038779338
87,3.11254873110969,73.97234522009269
88,3.0546464322252467,74.10513045538298
89,3.059833638070967,74.37881406510894
90,2.925744853867679,73.82703530350112
91,3.040723830614182,74.61556177727289
92,3.0515237650158378,74.91262609092156
93,3.0560087853544324,75.3570949241533
94,3.008688725496531,75.5402912660131
95,3.142388652951849,76.29709934518708
96,3.1088423295685894,76.56020113312553
97,3.1229000718615763,76.9690030826046
98,3.104650631184296,77.19589094362478
99,3.3296901040465072,78.83426716261405
100,3.364538587743547,79.2137327781305
101,3.1497441819120713,77.81931474761646
102,3.3794672112944952,79.67808426618002
103,3.379907336984405,79.90450946921445
104,3.476795174929805,80.26619286676882
105,3.4407257321376314,80.3966685027168
106,3.414484682588709,80.327029388234
107,3.4093465915640686,80.54633498135283
108,3.424675846160303,80.60556770264304
109,3.4516382205739733,80.87016179637321
110,3.4680379318959704,81.18793199337944
111,3.435286357126356,81.09037176205271
112,3.457777856714243,81.28835825164045
113,3.241030826331828,80.40033139630144
114,3.432821769752232,81.5619566415902
115,3.3329070545146124,80.8890863502826
116,3.467692119887021,82.14461256708245
117,3.4394591339843816,81.9058965524176
118,3.3896492364331916,82.17320016366197
119,3.246147611716272,81.1912778143507
120,3.416921777255911,82.39074783149151
121,3.4728793599617913,82.9384434879833
122,3.383630092765625,82.57487631593659
123,3.406032678000694,82.82969755502063
124,3.4220882272322415,82.98304912003033
125,3.3727898576176645,82.74286096659479
126,3.4947794359453477,83.20474803491763
127,3.4742941774198757,83.2785503334343
128,3.494059739554356,83.3973937065488
129,3.4848392896472657,83.49549619766302
130,3.3729522848527895,82.36154625920832
131,3.5339759223585143,83.75168112781337
132,3.463490609234275,83.4980219905729
133,3.54020763891149,84.12928478629077
134,3.429556344860049,83.67872911585077
135,3.4815248593218207,84.0513423241281
136,3.4285676602897635,83.39446403854339
137,3.3797491060267495,83.05593077593117
138,3.42669787478636,83.28846592849057
139,3.5671238157330913,84.4949729514368
140,3.4749502039960514,83.8377842029523
141,3.408468488076785,83.80648957792398
142,3.5625251244084035,85.41690239122744
143,3.4973468328323394,85.64621675216691
144,3.393443680371258,84.1632536571584
145,3.594757329632016,85.31258822024829
146,3.6458875099182033,86.33573771786615
147,3.525034339008326,85.50442943882311
148,3.6539453542936946,86.18456658876173
149,3.185356113554942,85.19282960387783
150,3.4846506813224627,85.52840589158801
151,3.6103545700391506,86.5296136587875
152,3.183633623507957,85.49579630538567
153,3.5855176663840864,86.90732531242928
154,3.0922558661494124,85.77470439038309
155,3.583493523954013,87.28007139299517
156,3.8037138372036154,88.52004417763204
157,3.5295359294003577,87.23229581707209
158,3.7297500299609445,88.43827968105737
159,3.6099661762724558,87.55814509228965
160,3.2407763182711755,86.96086353084098
161,3.750200923464117,88.22076286580412
162,3.524943922893545,87.9852428445841
163,3.6135010538614827,88.26055741099584
164,3.2077387552735908,86.96477960008836
165,3.6006695939318556,87.85788324845622
166,3.199243664026817,87.07088887983433
167,3.609819483012585,89.24955431043406
168,3.708200023202191,89.19111421936667
169,4.258623278180343,91.12669671894608
170,3.251190506240334,88.14600984975853
171,3.637259724710687,89.33902017802744
172,3.600981549555187,88.59523021375962
173,3.234060844677137,88.33363250700046
174,3.710007586571851,89.43585643732906
175,3.502110641281084,88.47117291205126
176,3.442912562551427,88.42701125209388
177,2.9099277753333537,87.15852823722513
178,3.318330308550907,88.18343021207825
179,3.3255419006905895,87.44044377337352
180,2.8157461533443184,86.61940248900241
181,3.15482180343847,86.89268482439626
182,3.4396841005811876,87.53119271620938
183,3.280429659577312,87.32949185529311
184,3.244767077849748,86.79571733859166
185,3.4954506986246017,88.65554715936214
186,3.3216847558146285,86.71750317751028
187,3.412859807813835,86.86640724268509
188,3.572642748584534,88.10076798282111
189,3.4617400560559566,87.21531330497518
190,4.151326373742598,90.32832844799123
191,3.3700574704487614,87.62208402729357
192,3.6501963695419644,87.81873219388997
193,4.104529993426495,90.1201766981623
194,3.845030184097116,87.98561086623724
195,3.7393599079220956,86.20755888162333
196,3.6162031596478963,84.81542314654429
197,3.525163762019939,83.62729063951387
198,3.431812146131192,82.9183776190829
199,3.3855543409362197,82.23275813471349
200,3.3467258064887244,81.80610486402907
201,3.2662432129861667,81.52020624786687
202,3.2969889393816305,81.6871832579009
203,3.398698140717428,82.05910809807477
204,3.3482311051716938,82.19951780796491
205,3.3078538959104935,82.10321534493254
206,3.309560488261719,82.37578686636246
207,3.392107556919027,83.06373072277275
208,3.3511319881251973,82.63374926447354
209,3.416358632318916,83.69389499405439
210,3.3560936110835593,83.52471355102907
211,3.4907727530992227,84.08519450002771
212,3.4202808740962034,83.84003587166903
213,3.460197020606812,84.58972449327243
214,3.508415906191677,85.00149689241275
215,3.420045155670475,84.72473295580569
216,3.564580198641354,85.5814273142005
217,3.5331812134994802,85.64453893217534
218,3.6085390449645085,85.32125558055901
219,3.437672664318165,85.39072698503604
220,3.5994934245087973,85.92721074108722
221,3.5762214929866527,85.52592640847145
222,3.4286431753949826,85.09395720126614
223,3.5234143784405156,85.59777899481777
224,3.4853535474516124,85.85709851566652
225,3.5737622394089126,85.92996880358473
226,3.6299960151056676,87.19317605158265
227,3.4636709073519625,86.15786360563837
228,3.5451359172550174,86.55615245716606
229,3.5622339928605755,86.88533733030977
230,3.5146407039277014,86.23300036100161
231,3.6226169106227477,86.9299346703986
232,3.6715632519357406,87.09398965680063
233,3.641787298882195,87.15680933052569
234,3.763460169185948,88.40555541429845
235,3.675686595355072,87.54341849879141
236,3.6660406458685064,87.38567265808945
237,3.632928249407088,87.51636891129459
238,3.571909364771409,86.92424991523515
239,3.6768660896345486,87.85322329803965
240,3.7471179188866586,88.02622663726717
241,3.6513656060145627,87.79932306351948
242,3.6898114951203342,88.12486774485433
243,3.5805046082718355,87.50614453339084
244,3.608208461699233,88.21664093120151
245,3.6768285163942322,88.35687600467567
246,3.6433111472562603,88.29382409280456
247,3.61906416098119,87.9310354505991
248,3.555203324627742,88.22176166824465
249,3.6461863687184826,88.59576536074809
250,3.710100664024143,88.74523846632871
251,3.65815915317999,88.65639428377328
252,3.6829118442334696,89.02564032830053
253,3.660391657075901,88.90281263644698
254,3.561427716409971,88.43872356447821
255,3.6942954063783393,89.21161262766047
256,3.557225408358972,88.69173482592011
257,3.6098374061052723,88.62229140021489
258,3.5967666611060802,88.5935879798094
259,3.6992281426539138,89.04160215217641
260,3.407914202693026,87.8516071987617
261,3.5471003547400284,87.97831957603867
262,3.455140778590874,87.98747273487596
263,3.369674082552384,87.14666345203922
264,3.3914336588707306,87.1423335561495
265,3.29548207247238,86.87628774466832
266,3.2922924007764798,86.93283995274342
267,3.4004371976000827,87.26641272980571
268,3.3309879280091415,86.85834984894457
269,3.2780006797944754,86.57208428873271
270,3.3674235083899573,87.37387543662041
271,3.330639496181711,86.6052870452758
272,3.141605862410221,85.67974270972178
273,3.27680411913065,86.49682230464687
274,3.371013797107661,87.24993635104359
275,3.3338677332956084,86.85540984894023
276,3.2631330768601896,86.10080464726968
277,3.244864060794619,85.68708458377854
278,3.3854664622444717,87.07007835513323
279,3.3228225144446113,86.09549806927609
280,3.27190538875705,86.1239841159529
281,3.3055975198151955,86.22144048019611
282,3.3257794820191258,86.85723988285658
283,3.657810052247016,88.18346133098822
284,3.3654590490786482,86.70333864434409
285,3.328513686526421,86.97027341711238
286,3.2270947461831665,85.77645854970746
287,3.320391659389974,87.19527880262885
288,3.242865405980042,86.61743156942825
289,3.2737445622867987,86.7116658137644
290,3.272599007087098,86.63244568847273
291,3.3219132145049772,86.78825125971983
292,3.1949001514659603,85.55104913764099
293,3.1780092620678864,85.79081579562491
294,3.469731694741857,86.3405270067466
295,3.1159066605085366,84.81000986544719
296,3.1384807363503113,85.3174014925113
297,3.1786546825595714,85.54871694123317
298,3.4556415977961845,85.7319515970341
299,3.140950420538768,85.35330451231123
300,2.9234780428865097,84.38301300521255
301,3.3090014195067052,85.57404457035699
302,3.3731775793184307,85.65873626436095
303,3.2757462380125455,85.30984550324087
304,3.129659416468334,84.63781071060833
305,3.3809947744498516,85.91811042224806
306,3.4000382140943075,86.39629493218004
307,3.406812599801096,85.81507118195323
308,3.0519691037075165,84.76189736378294
309,3.0472561999745764,84.68577031211696
310,3.10992514898043,85.51845559004252
311,3.044737088419207,84.5784530436154
312,2.968485695485177,84.31090195284285
313,3.0627920720356716,84.62502014270923
314,3.0741846170378837,84.34058442794192
315,2.9958388093249275,84.35024328845584
316,3.0328074187794316,84.40738129826637
317,3.021068166493851,84.21873383172255
318,3.0482142839600535,84.31370491901217
319,2.9534689387634967,83.95327595244355
320,3.0193501747427174,84.43543740926718
321,3.345076779779013,85.47536231499258
322,3.0073545447859193,84.18368889438314
323,2.9261644453858926,84.51336461962981
324,2.919677742525754,83.730743867888
325,2.967544307416874,83.98457885347821
326,3.072914706643905,85.39819954871635
327,3.0273009860977926,84.20437151970066
328,3.0512735280162633,84.75165180202859
329,3.0309273524745666,84.31626177587582
330,3.075583103708791,85.2729287052508
331,3.0616943760848367,85.17308449930745
332,3.0069926626194348,84.73833879441169
333,3.1317524404249992,85.45063380227558
334,3.0766700374003664,85.06869764105687
335,3.132824746355145,85.45527004909847
336,3.1084842993751964,85.3564871613043
337,3.1123481928990775,85.40792075723591
338,3.101037998379151,85.19190854887648
339,3.136504085404472,85.44398000379024
340,3.033373840420399,85.01887753935605
341,3.1240200511055303,85.39689965516135
342,3.0677482100219646,85.19576923251815
343,3.1014817958563228,85.19646632461087
344,3.134344898319571,85.27100367552238
345,3.055284067898001,85.24560090934963
346,3.0868002571128006,85.09712366233528
347,3.0785726048827873,84.85207598660902
348,3.06571224806013,84.86577338981395
349,2.851830229172777,84.36614923476593
350,3.0064866372388193,84.35148666166629
351,2.990146934179744,84.2236096682099
352,2.9422316938540045,84.04892933552021
353,2.9848877103550184,84.18159457076736
354,2.930119533723874,83.76664858244555
355,2.898979289802506,83.51532469210186
356,2.8705842902390293,83.43305312813811
357,2.6985778334577586,82.82337799194565
358,2.871722844631508,83.37039287749333
359,2.8801768231819005,83.0281145552954
360,2.8890867410223606,82.92246446373235
361,2.828115144496395,82.65280247301017
362,2.8376387825145772,82.58870523290638
363,2.816240788401733,82.56704148666994
364,2.832229268112296,82.44809772924032
365,2.8172305694683444,82.16440296218558
366,2.847251434802009,82.44073193431366
367,2.674604842635842,81.94824447439488
368,2.8216271977777776,81.83416936333178
369,2.685433348003922,81.90025930180164
370,2.783155271602738,81.89323944188635
371,2.757138471324738,81.65272055111586
372,2.7672135859307634,81.64718568180194
373,2.8495566269160366,81.81490057830959
374,2.8318910659306322,81.96423471722014
375,2.8200710740203077,81.84072046256865
376,2.8148805961827703,81.67938282218415
377,2.827185600064706,81.83710249286753
378,2.834409808117299,81.81405403671495
379,2.8206609116113373,81.77153916003195
380,2.791001411207956,81.58410726614173
381,2.796625642552036,81.48039384136845
382,2.891872780687138,82.04008042971682
383,2.7942728071438836,82.08598590145374
384,2.8486988466254086,81.59427748544414
385,2.7607269108729926,82.60321596109583
386,2.8029031974288205,81.25252117025887
387,2.786128160572335,81.57167359870611
388,2.833758004513545,81.37079162231579
389,2.8312193580067007,81.54197993264474
390,2.8419614786888454,82.03058488387883
391,2.7755219261095543,81.13496067041498
392,2.7743803598100087,80.76915830020705
393,2.774466737521699,81.03160303225029
394,2.758873978791218,80.6648513496266
395,2.713009408167299,80.31003602754949
396,2.7973184860879674,80.80045005315385
397,2.7578711337518445,80.35881658222944
398,2.7786489314826426,80.81760916061532
399,2.7765054840191836,80.83743131571327
400,2.7998442534158685,80.62172560457398
401,2.7252731057016106,80.3066818543736
402,2.7902305835600734,80.97924562894427
403,2.7833049220333876,80.59242459491229
404,2.606711342899785,80.21034247709423
405,2.7652413252891694,80.46570638568669
406,2.74305879826924,80.37400809136022
407,2.749124031684209,80.18734326738058
408,2.744994088320352,80.3939243362082
409,2.7612525372422927,80.49569327875949
410,2.7608499129047144,80.49928284307902
411,2.7699102944125165,80.24384010177855
412,2.738506264565741,80.41266534355339
413,2.7684995233128746,81.11242735823227
414,2.756728685782434,80.6065017375181
415,2.7190192298233145,80.0439222270562
416,2.7592217706443223,80.97570206706582
417,2.7868717170005017,80.58879590863904
418,2.75620874878246,80.61005406222391
419,2.8025478471326775,81.69891490019252
420,2.8682326840638392,81.74064256298401
421,2.755083838136064,80.23494131266877
422,2.88788277119547,81.8821261613399
423,2.823716150931266,81.31653275648863
424,2.687230811296724,81.40819797735956
425,2.725947295191739,79.90585153304166
426,2.7925424158433745,81.11246220203165
427,2.805614020017382,81.24763266560024
428,2.840082942548041,81.40857938112337
429,2.8517921949003253,81.44926627088091
430,2.847781848306111,81.19900481717765
431,2.7758926569151527,80.40334648199367
432,2.763376576368216,80.67047055230934
433,2.695304849957663,79.7999790667932
434,2.682108313204,79.902093881943
435,2.7229936930365635,79.99871755746337
436,2.6847794675720524,79.9140650374742
437,2.6457717612618845,79.28534887021861
438,2.638886102594576,79.26800613108335
439,2.6330562069732077,79.26579030696684
440,2.637760318069695,79.35312761834064
441,2.612782215874278,79.12925101110706
442,2.5920311543078935,79.18653894204502
443,2.518220440982284,78.8799598707638
444,2.4469949727471034,78.81674027553058
445,2.619615364509737,78.91266186720316
446,2.692189585419988,79.8050862139912
447,2.5131629027989364,78.61132095130576
448,2.5997229543607445,79.57798478482108
449,2.6403256206218138,79.40721482616716
450,2.4867443619286522,78.10032082791099
451,2.6545122221317325,78.71698416681485
452,2.494293964624316,78.54640803711561
453,2.584929396407961,78.62327936355362
454,2.673007339752508,78.85467407987674
455,2.6169645604666263,78.45235098822147
456,2.659039721282416,78.60107215079283
457,2.5742967979299243,78.72168187477456
458,2.6718549567785828,79.0532762022395
459,2.5746671735425326,78.62887258268235
460,2.670838187837519,79.08110247771056
461,2.5599211985912294,78.47349555848177
462,2.5625435246715647,78.61694501861747
463,2.7638324331198083,78.79877464526206
464,2.710299107324886,78.53668563906203
465,2.721295234858858,79.01426047767129
466,2.5615717499582553,79.04070627699862
467,2.6765215702233895,78.79657495810514
468,2.592028451077255,79.3104265706382
469,2.5488544585777153,78.83609714226193
470,2.488497979634265,78.40081994116026
471,2.7758828011341086,79.10880441471868
472,2.571756845924069,78.95056103816911
473,2.6182166567430976,78.31853583702355
474,2.711276368710931,78.92428604531734
475,2.7095799761506045,78.79553135572785
476,2.6443012616056247,77.9887816518503
477,2.5055838609205514,77.9853587698627
478,2.5102020691106666,77.80955390871233
479,2.5754632922119187,77.98502084098578
480,2.593194786206351,78.9756457196317
481,2.5586765299168825,78.80736577304515
482,2.540363247338787,78.69880264286004
483,2.539761487135952,77.86689346122088
484,2.486774379012433,77.68524397019216
485,2.46194180608652,77.78252310281648
486,2.5072216423141827,77.7099983383213
487,2.5654951852977748,78.69849532627215
488,2.519340914032969,78.4757439476747
489,2.5741012608986535,77.91452127370371
490,2.588650579342469,77.96476761869233
491,2.5786357098337214,78.28186742718708
492,2.5849823931226776,77.97526829881991
493,2.5735474025265805,78.11286090929855
494,2.5497003924328308,78.09009105440406
495,2.570922874271231,77.88110180447208
496,2.6193735835597605,78.79613724254304
497,2.5628076210733135,78.10883536570303
498,2.4822068316282118,77.93513805131283
499,2.5537800874844083,78.2717279493831
500,2.4186928455281076,77.72099372399052
501,2.4949195072336012,78.12193486635944
502,2.5194395140134627,78.26785253346456
503,2.484626612281947,77.80514277593598
504,2.575452013852277,78.0829075557343
505,2.5554719893714672,78.34091284130128
506,2.514618117991364,78.21021221177827
507,2.600615469697755,78.56337340399617
508,2.607049222611563,78.69975023098861
509,2.6130227608284686,78.02699625062215
510,2.611327587531854,79.04510811449603
511,2.5938520082093026,78.24187743203433
512,2.6043005369820555,78.14012619512768
513,2.597544580158808,78.69457820078378
514,2.702404897044695,77.94526089413178
515,2.699370830570335,77.78204662131267
516,2.581207534442631,77.34494631808131
517,2.6671352274583464,77.4395941816481
518,2.618789225256261,77.18921826921422
519,2.580320980638527,76.75880068169621
520,2.6754734953586086,77.7585338770937
521,2.6557621779069565,77.27784402675536
522,2.4706872968705174,76.34203695447655
523,2.413633723674567,76.29122545899939
524,2.459284367002641,76.43901662099985
525,2.6127356288358223,76.68538688740628
526,2.472699500327308,76.91037848163138
527,2.4302384191864954,75.75369008507624
528,2.446692851312004,76.17194466655691
529,2.4994970874098197,76.05374917233445
530,2.5180521620006715,76.42850822922475
531,2.5182639948231365,75.40593346882292
532,2.425412176352342,75.22541488336712
533,2.5810235137401594,75.7391229506415
534,2.3487227641739423,75.00973079966106
535,2.545563062276424,76.48436265143415
536,2.515883369406822,75.5439403266734
537,2.609978449720047,76.37525475208476
538,2.588539463021128,76.2795236424321
539,2.634354619190522,76.2843060503635
540,2.6166761037689206,76.19257857321521
541,2.633318435740013,75.94402769168404
542,2.6758940249039607,76.14587957777161
543,2.6498073284049113,76.1280858636326
544,2.6424873850882213,75.96077169169341
545,2.6873279040317266,75.96381048201735
546,2.657812718181782,75.93750280852032
547,2.668434639268784,76.22587694635143
548,2.659405300052938,75.98715934978075
549,2.6935483360135803,75.9524401733151
550,2.721318376523011,76.2746350844708
551,2.6381594888010205,75.76329414520823
552,2.659061195699466,75.84701390786269
553,2.6477857389501125,76.14233583974813
554,2.607501195378844,75.72117241758718
555,2.6693810509133447,76.19382769147579
556,2.6609239263142554,76.29662713505382
557,2.6321489158216234,76.04613169643223
558,2.54275382202052,75.56672516033272
559,2.58118112069657,75.45832734446896
560,2.538913720764827,75.58008877237094
561,2.633991198892668,75.72163088482041
562,2.583600226941426,75.50032838128777
563,2.6236152546562175,75.63156834526201
564,2.560867145230889,75.31924501660616
565,2.59764622670383,75.57879148353716
566,2.5362449909532083,75.27305704335802
567,2.5317378108131785,75.29884441801228
568,2.5864159612498883,75.47416357910292
569,2.5924164992175696,75.5120950698698
570,2.5902338962306324,75.24768593252661
571,2.513672712663675,74.65178338771013
572,2.5264681593992226,74.96223145791663
573,2.6050460170960337,75.36256559814332
574,2.5305535707520552,74.85593977492343
575,2.5604606020036935,75.0454608261697
576,2.5453511560123725,74.82522188026338
577,2.46891977846947,74.45955322232658
578,2.4522623597601947,74.42129600864949
579,2.5030247349972288,74.66660133096468
580,2.338046434756747,74.3367472272671
581,2.4430462646059263,74.75207897032095
582,2.540258292714851,74.74646265389244
583,2.491899267824139,74.52276074968644
584,2.5206677941099493,74.39954232383171
585,2.5090479252900426,74.47190371867154
586,2.5539168133932213,74.7436952438586
587,2.547152190813686,74.95950309604366
588,2.5505964705307607,74.6224304290451
589,2.5320950132930036,74.44386242603069
590,2.401788247485417,74.05751908872628
591,2.524768152960599,74.36224156897451
592,2.5476312717601264,73.9425153682727
593,2.496874277599476,73.92250547696993
594,2.40309481236787,73.75100808846256
595,2.485849836452567,73.74063987263102
596,2.4953782262442834,73.44764220162175
597,2.5760568024930426,73.42240282735236
598,2.5514550931061954,73.49356214669479
599,2.522949485799779,73.19341475540931
600,2.527944670971283,73.63451290564498
601,2.3693175724422457,72.79891972685073
602,2.3873556423873263,72.94967262500847
603,2.45289774913724,73.3477777334665
604,2.4030189311051857,72.9972431431422
605,2.463443567639653,73.09420354845587
606,2.4802577091590945,73.3573971978786
607,2.4320359893303496,73.07576406640754
608,2.331000431782489,72.62274969941151
609,2.395468313672742,72.92855956371295
610,2.378932752523758,72.64162016186353
611,2.5157060687416894,72.82920666221455
612,2.4674860205782436,72.71580415803719
613,2.41143251402722,72.35795545675855
614,2.339779593560624,72.05113035107752
615,2.414320216621715,72.02944745499882
616,2.4384845693103747,72.40853951791186
617,2.4013725918999858,71.97964427522548
618,2.3295267981416825,71.96515956565767
619,2.2440283107820833,71.4440067189687
620,2.3708838091807514,71.67871867509882
621,2.2585237693468505,71.22120446533225
622,2.223988881509226,71.34418223411477
623,2.167840009696197,71.0292478053266
624,2.28879029092489,71.25722304534096
625,2.3880888613189284,71.7461580397838
626,2.2458848729691954,71.17907575912558
627,2.2496246481327598,71.28178054160216
628,2.15406537309449,70.53838542984886
629,2.1789079045586477,70.50915076017391
630,2.2647293658875722,71.23202321761751
631,2.2450556445116376,71.19232416000203
632,2.217484241875005,70.8050807383719
633,2.2024782983435256,70.74359206095201
634,2.2397449761115205,70.75892376157438
635,2.2568913041996823,70.9675839625773
636,2.1557271363358734,70.5793094284086
637,2.219112937724005,70.71572463262027
638,2.324651765728737,71.30346285523996
639,2.336390787345887,71.43178324670549
640,2.3805594040739755,71.44259805772248
641,2.3363542805535786,71.41372829992301
642,2.3428816824927923,71.48070330381788
643,2.2898144315606244,71.31461197194115
644,2.368325481740367,71.71281190626539
645,2.4086905585736145,72.28405732446566
646,2.403811101334818,72.08416878761302
647,2.3645275360123263,71.84714666223461
648,2.397463196841222,72.05466385868692
649,2.4622256486781486,72.58517562297482
650,2.4752555868684785,72.78864515742933
651,2.40516245248883,72.49785018979317
652,2.4248741685755233,72.60480370566597
653,2.4240894634820216,72.15871124745193
654,2.4575353043396486,72.60480712147367
655,2.457039293966197,72.69283820145169
656,2.4791761702628223,72.75691400029923
657,2.370696881884034,72.24624750607632
658,2.474527561618956,72.53592886467247
659,2.411844746152792,72.37254603586683
660,2.2841326124598433,71.89818569953732
661,2.3025484657058346,71.89695563909697
662,2.446436506552603,72.33627376683549
663,2.4282035056357523,72.18896602475509
664,2.4723718113224487,72.6812990083498
665,2.426211313710501,72.22524165805285
666,2.436071405925615,72.38017301285112
667,2.2888005689666713,71.70403522608419
668,2.2698310322120956,71.62815672359734
669,2.2712945247607483,71.44830944175733
670,2.217453634300956,71.20617141142283
671,2.214430264982414,71.34487004615443
672,2.2513758762910463,71.51047575465006
673,2.322650154931463,71.59244548333503
674,2.359849355757418,71.70935177666732
675,2.3074495571965374,71.5436447882925
676,2.357076061208848,71.5634851394511
677,2.2499331951555552,71.43988889389011
678,2.351333790553169,71.4980128854472
679,2.2628329063546806,71.27256952748529
680,2.200054325112875,71.30640183241157
681,2.2810426304031926,71.3493896523862
682,2.2422793629795756,71.12033781652474
683,2.4239392979923475,71.9168535590137
684,2.272350214076328,71.11503896477664
685,2.277876845307521,71.2796140536651
686,2.2841025657939,71.15617195871455
687,2.3801255061910846,71.62571909609119
688,2.2660843093298064,71.08001013822079
689,2.191151713291354,70.89986313386586
690,2.333612066594943,71.17291442780443
691,2.2334006287919803,71.2791413721596
692,2.2275704566535808,71.25983514683456
693,2.263107712280778,71.07873445778941
694,2.343200924558169,71.53358287051607
695,2.2953811553581778,71.41673576620964
696,2.2473470470093133,71.29852882823687
697,2.2559498706597934,71.15543363754536
698,2.322792936769892,71.21595221758906
699,2.301319622971249,71.1394917942056
700,2.2947947142033613,71.32214120959777
701,2.279117490922857,71.15103707778226
702,2.2968149154793718,71.12022222620615
703,2.329141141196392,71.29876662304613
704,2.1933199734638613,70.99795682641854
705,2.2168978399915744,71.08212647696794
706,2.3724553521731613,71.23080025154104
707,2.257738195134943,71.06647495437883
708,2.314004429058089,71.11820007207355
709,2.3695242040311353,71.46693313613952
710,2.3226374645283014,71.13874631727903
711,2.4426192141730776,71.5151862744185
712,2.336413839888456,71.30445189928676
713,2.4332822364325315,71.49655266529378
714,2.451062578813526,71.53432792555121
715,2.4773659485003363,71.61803566950928
716,2.369365056170452,70.88789144737954
717,2.4087230334621674,71.44340253681733
718,2.444153166079204,71.06552439971243
719,2.4348036887929196,71.04275595097945
720,2.542512600570398,71.04906664563978
721,2.415638403203061,70.98592192551345
722,2.4561550206928815,70.8904802754343
723,2.3270881754848465,70.44576326419721
724,2.501020025714615,70.98053328841418
725,2.3849356851425876,70.3230559820205
726,2.309767998132013,69.80116092662354
727,2.3039016258973564,69.55162104912979
728,2.288989286894976,69.46056252398967
729,2.3721483684978857,69.41396886274968
730,2.335910536642087,68.91823468340527
731,2.1807043267471626,68.57812944363961
732,2.2885592970109028,68.92420655402309
733,2.3544804824589267,68.6419162052905
734,2.3386882157465267,68.50836249079698
735,2.294838180188306,68.12736956734825
736,2.2032354014055517,67.35653433540375
737,2.196505484338099,67.4977676130202
738,2.1985353348400847,67.39415810160787
739,2.0320915933782002,66.75940545634738
740,2.0135277117417845,66.6762291181857
741,2.183040222785774,67.22126260450985
742,2.071250791718511,66.84349225027593
743,2.277052974103551,67.40226190691752
744,1.9778154623793078,66.29927874023373
745,2.097807977674105,66.27772143241472
746,2.0251093338060304,66.41104492790224
747,2.1135338262874823,66.41942963938848
748,2.155639806204558,66.71350105931035
749,2.1058557614097024,66.08563099102592
750,2.134735918838166,66.46318072364306
751,2.170083798248311,66.70465443103959
752,2.033503047959578,66.25583630156999
753,2.181682809935584,67.0510940373928
754,2.1021389897764355,67.00142314532437
755,2.2287385727469,67.4678312278156
756,2.132401149391822,67.37802795900916
757,2.252127111419272,67.81553370027046
758,2.2179626393736185,67.7847824530253
759,2.264134530588771,68.14413984473181
760,2.2850925682860352,68.20052690868268
761,2.367942867595161,68.62300964690446
762,2.2864052852866026,68.6702487444275
763,2.442813086948719,69.07875330676636
764,2.407831487917541,69.00181076152674
765,2.342385989900479,68.7560199156354
766,2.3637433096695166,68.8770518560338
767,2.4902229539838645,69.15258289525427
768,2.435910351929302,68.87053402025325
769,2.352265716094317,68.37535852331035
770,2.3445587333120574,68.35425562083297
771,2.273842340193899,68.02655824149679
772,2.264035768896724,67.90341338435442
773,2.252267276813309,67.85344763068365
774,2.330573134640846,68.1016625087325
775,2.298864322572991,68.02221810326053
776,2.3751923975883122,68.30159505840123
777,2.4590125537706915,68.71930022560989
778,2.471263177147082,68.79018412507108
779,2.4433068712649746,68.7381801226717
780,2.501680608624798,69.00355001056157
781,2.4807579279567302,68.81932957209506
782,2.4392497303259613,68.66347921116662
783,2.4756500764036797,68.68403282472924
784,2.313141835326435,67.9977867420521
785,2.2080993292309357,67.4450040954239
786,2.180932569233713,67.70361131476461
787,2.3115610505063198,67.91861293495572
788,2.312822639564753,67.81336085975933
789,2.307592482883654,67.90169386389921
790,2.435286452471823,68.41841620759577
791,2.4416480517162444,68.68931675616516
792,2.46440808367777,68.8448761987078
793,2.436918629735385,68.84732917370252
794,2.4879955919523344,68.85445048133643
795,2.5586373056567306,69.1869235921655
796,2.364906915256371,68.50213847586635
797,2.2679571332540602,68.03396574067666
798,2.3560791081347854,67.87915215521637
799,2.234695270473828,67.72669145370791
800,2.4655702794495973,68.22229514590259
801,2.3973020836807395,67.97129692390737
802,2.4047394460115825,68.03165162580297
803,2.443542966173726,68.07725280814313
804,2.3704819300023985,67.82002644320607
805,2.390638464697111,67.8930163575364
806,2.375252682960867,67.55122725940164
807,2.2623333297200965,67.1198153623047
808,2.236543436435338,66.7745456421149
809,2.245638324012876,66.75257854483735
810,2.197052335302848,66.24792658123981
811,2.2403358740816137,66.51023093933532
812,2.2907381828458533,66.67078423877248
813,2.321127433163181,66.79487964045356
814,2.260965087350039,66.58929834979863
815,2.2560862293346244,66.53182016039631
816,2.2188135491704353,66.41842397281012
817,2.218575496714979,66.41346776088812
818,2.2235974453617033,66.16214317588431
819,2.150912531071151,65.87555085838015
820,2.1803709446653277,65.68480705974379
821,2.1696802183960244,65.65192739001893
822,2.19123331336739,65.81046543453053
823,2.1910585758664025,65.81004034852728
824,2.1005086800573687,65.91464099692573
825,2.2663721512075203,66.15065334532792
826,2.234462206699831,66.15328232134065
827,2.2329199287507513,66.17670851980053
828,2.1722294560438815,65.9840023411306
829,2.2759907100629486,66.26862485690924
830,2.1497846629639192,65.87163563571326
831,2.1893787169878567,65.6325598019435
832,2.0870215163014096,65.20501812504872
833,2.143668920348042,65.2585401553808
834,2.042050124895324,65.01099757766566
835,2.1352190522016476,65.28819957675604
836,2.089471661262115,65.2415250408515
837,2.2344766866229513,65.8469225639444
838,2.102999575665609,65.57365121038134
839,2.0278966248397,65.38917486436885
840,2.2570931769261833,65.94792282573617
841,2.1043280211732154,65.55605771552015
842,2.216941268586792,65.78235930308556
843,2.2105857285901997,65.62836670074934
844,2.1572571236694675,65.28992052371245
845,2.189107676481331,65.26239343152604
846,2.1451206666828586,65.14887352213444
847,2.136792098035913,65.16911697717647
848,2.075130908395179,65.08230234573676
849,2.187886900885881,65.50117920933008
850,2.073407755150471,65.15520331205168
851,2.2438926586836914,65.83007385151117
852,2.309575281482054,66.09992223083128
853,2.266126848232643,65.92415168224647
854,2.16948133318292,65.654065263023
855,2.2307539857142205,65.58651807473699
856,2.225470037928361,65.47839485256488
857,2.202584410731341,65.42601751035963
858,2.07579734831568,64.9664848735845
859,2.0751574203036554,64.96602634563963
860,2.1456388459565825,65.17195769663458
861,2.0765317023867658,65.03874563494378
862,2.2721726782761227,65.60967253789013
863,2.070879048929926,64.99602017952891
864,2.2494893269718363,65.7407267434926
865,2.210016742649113,65.59770858136963
866,2.2434241613954757,65.64701709835916
867,2.3491955099208583,65.91261715515579
868,2.241363984813046,65.47315481535074
869,2.1906279272172773,65.0985615805835
870,2.2223314500652216,65.12676691247916
871,2.169107967265746,64.75875004278132
872,2.180037500714653,64.83285884878354
873,2.1510456203412853,64.68885722599586
874,2.148846419136022,64.53255635894064
875,2.15435484126152,64.51925839952328
876,2.1309078324840933,64.43960292569933
877,2.087345197332143,64.52001098502122
878,2.055778769972438,64.27767768850505
879,2.1887618904795345,64.62496742706541
880,2.243671804012941,64.8005984272115
881,2.162473945212606,64.71796761844581
882,2.1679136891340645,64.73607438623698
883,2.3983167156874243,65.42311539951216
884,2.1375260002374317,64.45526421685011
885,2.142686093764453,64.38718783337329
886,2.1642205501418177,64.442450052251
887,2.201931708704514,64.53225852596198
888,2.2038530095721085,64.49260620894724
889,2.106390575256898,64.40122196257684
890,2.180933977424463,64.40612947246312
891,2.144387499499561,64.35770043255167
892,2.170902901778315,64.53522663612807
893,2.139704210593781,64.44173128346223
894,2.2295473178370586,64.7955780311898
895,2.1619328276981578,64.64089273756697
896,2.1943368605838534,64.67097225460802
897,2.2155229830332246,64.859343548487
898,2.1453423113954195,64.77604283428589
899,2.1878900215149164,64.74529759270432
900,2.1218516028509615,64.76697441966945
901,2.1814639279556154,64.80303921889764
902,2.168842011622594,64.69515790498801
903,2.1862021837769428,65.01972673774858
904,2.166403990703106,64.75795404065633
905,2.2366877278891644,65.17850293762481
906,2.1673637386083033,64.71685980606718
907,2.1717000841536875,64.73496295825092
908,2.1570093108366515,64.97013223043358
909,2.21407400716244,65.10555002799443
910,2.1788912927253814,65.26688207801469
911,2.2111979083470583,65.10329686451685
912,2.1038098675552153,64.97025877493556
913,2.2254683565831685,65.37326607745138
914,2.2772623955625493,65.37263348274558
915,2.328692612880886,65.69454065468871
916,2.2203677265351076,65.31551047884408
917,2.181899565298248,65.1484437447017
918,2.1976608538800275,64.91618281186403
919,2.2570978003544053,65.30019215833734
920,2.2742433972175937,64.98530800763176
921,2.270476071280586,64.78760163112207
922,2.193422217993023,64.22352174708124
923,2.1698617840969003,64.09941101408937
924,2.120170464753371,63.89688014085427
925,2.1925910636966823,64.02630612936214
926,2.133286694051014,63.80625232604049
927,2.1061015018363056,63.72573702184376
928,2.1761867660403063,63.88289308254382
929,2.1413382240532672,63.90581347891171
930,2.1510013862729345,63.98102667485803
931,2.1621143752056273,63.97008873553969
932,2.17443967843553,64.1736440799048
933,2.1807386230237693,64.18707055625106
934,2.1680731224979986,64.08464684192829
935,2.1662497827235265,64.30081797728243
936,2.194887981839687,64.22272704788914
937,2.1825289335943747,64.2453275166636
938,2.122495191553923,64.32518410820039
939,2.182141312730172,64.33160547650967
940,2.2074981404616074,64.40460174725679
941,2.243968854575274,64.72281160132884
942,2.2021794111438893,64.47032332750919
943,2.2126819527312165,64.655138243332
944,2.196859445228988,64.54198227576717
945,2.0914265323308663,64.30986936588103
946,2.157125810632908,64.51461358599587
947,2.139075870363363,64.72019419056569
948,2.1991202720920318,64.59141752189474
949,2.1777359847535944,64.51366446733873
950,2.2198568164239534,64.82841515540244
