,slope,intercept
0,0.539733111412403,17.845964283472245
1,0.5968200757247096,18.057818496621806
2,0.6078063533683364,18.049553608262258
3,0.5795416301134206,18.008029759133688
4,0.7376127314355415,18.510254318746227
5,0.5425905327022607,17.92095969375628
6,0.5293415539377501,17.90231870438433
7,0.5429415062223445,17.896765486092086
8,0.5187288081235155,18.092934688645347
9,0.5468654981709661,18.173311678151805
10,0.5450043028217232,18.436554682291213
11,0.5798045451251931,18.963431818646292
12,0.6003460931163251,19.461329424530515
13,0.7612898885733791,20.418352749131525
14,0.6577438603297566,20.686504766799604
15,0.6680581812735853,21.300077068598497
16,0.7074297859544716,22.060037971007244
17,0.7209987173767675,22.58488257380379
18,0.7516393568442168,23.3392656766574
19,0.7266668890320328,23.97686483198968
20,0.8185033990563113,24.950107456895903
21,0.829231070981065,25.645296103835943
22,0.8504444230021033,26.25892092831349
23,0.8839907587411325,27.167470303318275
24,0.9302393710803184,27.814074734511532
25,0.958484342226301,28.58647994699769
26,1.0213885373389866,29.44163681911854
27,1.0161660760816489,30.10840957509957
28,1.0688763548538807,30.87321463680772
29,1.0917561026600802,31.58995532449224
30,1.129457158733168,32.40053506036471
31,1.173400962364199,32.98325160463165
32,1.1479919212551917,33.65574658438616
33,1.236334227130817,34.531889109087054
34,1.256425969641929,35.12538877848466
35,1.2692221086379163,35.85882116233698
36,1.3066830668042062,36.63010931274817
37,1.3547782303292621,37.357327851485174
38,1.351524406394313,37.83744953357788
39,1.398753473952468,38.50529585710024
40,1.4145718164199155,39.16601296074796
41,1.4579238312448664,39.989586169632595
42,1.3957583051813784,40.28137058012384
43,1.4685891873464083,41.10064846062439
44,1.4996593532224125,41.727152507814
45,1.52626085228435,42.68560142689425
46,1.5824823142847626,43.51171246218965
47,1.6118126072575596,44.46886470836278
48,1.7204948789848822,45.630843939529676
49,1.7199688186814666,46.42322220878379
50,1.8059661579763735,47.64639727539496
51,1.8334375346392677,48.44062223207032
52,1.8665125062790704,49.50844650812559
53,1.9296317606569673,50.5163556489108
54,2.0264438534209357,51.860830681395946
55,2.00284443359633,52.55334376120744
56,2.0295812401674675,53.52752626731291
57,2.0755241935751485,54.645371795455304
58,2.1079806127865206,55.62215151944842
59,2.182366766900861,56.69027413299005
60,2.0975930029341066,56.460318685678494
61,2.0904054926229705,57.39013346593086
62,2.346595965775376,58.76366787340008
63,2.7135720831957246,60.72289509155526
64,2.4107347931070757,60.398319830573534
65,2.443955351125546,61.17819727418411
66,2.769040104334795,62.93044459372037
67,2.482201554359627,62.58096617566681
68,2.5387758231969393,63.16514986229686
69,2.4991671119109222,63.565524000422684
70,2.5250419585065145,64.08324429100429
71,2.51996151474969,64.32616103916763
72,2.4992932920175384,64.46423155484626
73,2.5308838570672094,64.73277914467032
74,2.5490747376201135,65.02434595302195
75,2.7154191492822655,65.84176741166995
76,2.5123849010233634,65.39598444168173
77,2.496228573572539,65.68261915635222
78,2.501252347871486,66.26315815783887
79,2.5224949577780067,66.7953105973924
80,2.5318576826457013,67.4239021824378
81,2.5292510062983022,68.16694375160621
82,2.6764603991370803,69.32252259171628
83,2.7306539896095816,70.00251177706076
84,2.728865410695982,70.54802450191767
85,2.8035234906530992,71.42981624788806
86,2.754652094709034,71.94443412384692
87,2.831863835278188,72.49900439989324
88,2.8486262662425927,72.95549614490123
89,2.901706998796825,73.3999178698219
90,2.7093768467581465,72.72965909365534
91,2.846823867791297,73.3597655683201
92,2.848074997471956,73.82461439656214
93,2.834313849749291,74.17442555293991
94,2.910266278608415,74.5704003772357
95,2.9421506899492775,75.27730317963504
96,2.8997205658068137,75.41452612360405
97,2.964614643820171,75.75403706393513
98,2.8832244647311827,75.83176626378817
99,3.055947687072556,77.18249930642067
100,3.2382143344490557,77.97243968695665
101,3.0331979928539736,76.95280481000609
102,3.1585157290882204,78.17039868730608
103,3.100389192198138,78.04762336337944
104,3.0934942130893615,78.1384808401669
105,3.1108131973414,78.37184440185301
106,3.123660264402395,78.58656646186587
107,3.1728075733436585,79.02276942234137
108,3.16149220392206,78.91427890190965
109,3.1630270677772914,79.21331236718139
110,3.1280927613690768,79.21721764901822
111,3.1407091566774197,79.38261814946374
112,3.178269941243431,79.58978124344257
113,3.0844011129616744,79.24841899054334
114,3.1646704471935423,79.97935067115979
115,3.036520328790226,79.27456924187815
116,3.1025100622334536,79.9977791930356
117,3.1353990149741544,80.15283485917317
118,3.074342281127401,80.35847270515826
119,3.0101624146048116,79.71417912902352
120,3.15059363447995,80.75505468669162
121,3.0888009622187766,80.74732946866261
122,3.105315392968443,80.84968271966665
123,3.13595177404892,81.18391155425607
124,3.1302359375547346,81.13949236905876
125,3.084516672820212,81.07004035084115
126,3.1377031112016827,81.29166117331039
127,3.2302581172761697,81.5625396650489
128,3.250724985663624,81.79698334092554
129,3.13535416784706,81.32930977712384
130,3.1070667013800253,80.93805296229883
131,3.194640893042513,81.69717578664512
132,3.1859214294166227,81.78995678128798
133,3.1965361410722832,81.95020865349508
134,3.160721378582648,81.83945457967229
135,3.1751943781709877,82.00066065048236
136,3.1526880575898715,81.71449168990921
137,3.1411069004976646,81.63034585325772
138,3.239244570965003,82.0813337328375
139,3.3188517958297896,82.76804420556213
140,3.1745918818580767,81.93423581983785
141,3.2112602866483533,82.4733314888902
142,3.3123685283572337,83.54273222978829
143,3.2194655699128676,83.68214149525976
144,3.2233507659588287,82.91160013641219
145,3.3128623333669855,83.54217186583878
146,3.396005602425303,84.62626539700439
147,3.315070336193972,84.10159151840452
148,3.3250288140003597,84.17499894894557
149,2.9371171878149664,83.56201415234116
150,3.2116662754799483,84.00825275056793
151,3.3971254304658367,84.89997720192841
152,3.0298493988985666,84.27832581612896
153,3.279699243747723,84.96103993461695
154,2.8782824162432217,84.54162375822533
155,3.1702143988293727,85.04892039311552
156,3.4399294769616926,86.5070762786199
157,3.25003374239415,85.36577235574238
158,3.2340555743876758,85.92047987693878
159,3.2531033726658154,85.60671514610223
160,2.9397478118843057,85.24953402136269
161,3.376920545678201,86.18790591324482
162,3.236037493110263,86.35626496242055
163,3.3467783254381716,86.65596803959177
164,2.9999857150051157,85.75264610580243
165,3.415410530799203,86.59985974309086
166,2.933338662362176,85.64780112308554
167,3.2447868627752827,87.08258959617349
168,3.3749283670440766,87.11150977631485
169,3.920816451188837,88.76342182570937
170,2.9656267132925884,86.25812066537046
171,3.305097934992595,87.48808570528699
172,3.3398371463693093,87.03043854322912
173,3.009581532964844,86.80578926038713
174,3.3799871991710417,87.45412531658431
175,3.1830899562917936,86.68966679678257
176,3.125246446072528,86.71604858579924
177,2.6849510333539786,85.82607303128833
178,3.0305505566384667,86.397867429874
179,3.071394933861902,86.0042275561451
180,2.5947909000404983,85.1621148131915
181,2.9326661257478985,85.54060995442829
182,3.152663958867435,85.84507899936598
183,3.0791899937260103,86.0553072917637
184,0.9552179691333512,73.04438266847555
185,1.08414226920324,74.03041058404646
186,1.0567098788450229,72.90887826529003
187,1.0885127447048202,73.09696849718028
188,1.0201590758270176,72.97947261721181
189,1.0354481657143535,72.77856273131005
190,2.0581594114631563,76.63065388301037
191,0.5444106215405357,72.19533412231443
192,0.8632913558650409,72.62412909186912
193,2.0599008929871006,76.45164170712087
194,1.977795246070209,75.49841083359026
195,2.0953798904902565,75.26822841805358
196,2.1502448992746617,75.04762103094566
197,3.244315114740491,81.75656819429712
198,3.1727845294236605,80.99352144425352
199,3.01952171019811,79.89380554424811
200,3.0676710150497097,79.9609257583035
201,3.0383632176140907,79.76564302650517
202,2.961121300695165,79.48140308600479
203,3.055629771786427,80.093810346014
204,3.1082122641626153,80.50934870216642
205,3.014199316612626,80.33631109776935
206,3.135600890278156,81.00219987099209
207,3.1482353099257647,81.28721696047532
208,3.1515753092647896,81.23647063049437
209,3.25757185073161,82.17330571727005
210,3.129580289631724,81.85120162662734
211,3.1698952724062677,82.18237107456721
212,3.220527979245164,82.34878319633009
213,3.23801624337027,82.96067568026363
214,3.245891969758249,83.38789906832358
215,3.2498631776444418,83.21204112056702
216,3.2518552903418128,83.7012707655846
217,3.2539627160303497,83.77722596863704
218,3.3138000043504507,83.63510050087775
219,3.2514307223264316,84.13107197904469
220,3.3076925483671826,84.14548987856335
221,3.358800026868323,84.24745789466954
222,3.231014851952033,83.92284847699482
223,3.2976539909466887,84.14694041233788
224,3.3400195580650673,84.46964312811336
225,3.36666223581654,84.59609476687166
226,3.2555160246343706,84.8919586242219
227,3.3162865437280455,84.92210543727545
228,3.2744094492463574,84.78568017158418
229,3.3418355422452732,85.1769042006341
230,3.3225380285061794,84.93085395911625
231,3.398011861463815,85.38141461929922
232,2.2041372089274405,76.92395942588304
233,2.1719836629061255,77.00330106567326
234,2.252193921492184,77.93317177859974
235,2.1647900622637084,76.94153362925961
236,2.130945596376544,77.1483843694949
237,3.3706516190420928,85.68878502849411
238,2.148166106877434,76.8688465070523
239,2.1180379877719018,77.02661287134724
240,2.1237419711372727,77.14927108162401
241,2.119941943674483,77.0268908119411
242,2.1207358908269143,77.007263576055
243,2.074388515906999,76.87517329652798
244,2.10207150900859,77.2381525903546
245,2.1911861844519263,77.76937367768119
246,2.2096254654155474,77.90147268306293
247,2.227889931107143,78.04809246453547
248,2.1125918016557,77.79360038221732
249,2.075036775386421,77.7333069643291
250,2.2276921615965506,78.41800801504549
251,2.10015351806071,77.9154532087058
252,2.1742246980772015,78.3248923581354
253,2.0701824629689582,78.06425086666567
254,2.1561707199333524,78.60893762694872
255,2.0403756078725173,77.94457829079924
256,2.1214051536185656,78.58941913009353
257,3.3400486113323353,86.9184477040756
258,3.378752873857044,87.19585368087537
259,2.2217988958594357,78.7494313191258
260,2.0530592477003955,78.10318447150959
261,3.290491089373353,86.41008505075595
262,3.221794915749513,86.19349948896064
263,3.238964765350462,86.1848286695694
264,3.2102083318890684,85.67467766991396
265,3.0815537686761694,85.34532221301815
266,3.1663265231319366,85.67489053533706
267,3.1568628491539616,85.52261288566805
268,3.074089353826627,85.34398793954705
269,3.0809104853142277,85.13349790717494
270,3.13127572814872,85.7606498796106
271,3.087029749143014,85.01751102839236
272,3.184116468065455,85.33039772286364
273,3.0577291270819087,85.04472061830707
274,3.2205243417595644,85.8821818739731
275,3.119006995030428,85.37643831850757
276,3.1100002678523664,84.88197740134157
277,3.162914216669991,85.0898221785144
278,3.1455810422933745,85.4959595548991
279,3.0750883260794586,84.66664620441347
280,3.0462024194550863,84.55705471678137
281,3.0830072455930067,84.68279091199794
282,3.0817510206250205,85.25615207499693
283,3.3937786120396294,86.38222936258427
284,3.186949979300497,85.56399041428489
285,3.073621009277959,85.31896325921228
286,3.086564029879483,84.70750579208429
287,3.115619555050089,85.67637890062312
288,3.084425167580025,85.35054603908767
289,3.0384507311564115,85.10742233367303
290,3.0396737335710773,85.11515166731708
291,3.0753193742785467,85.2881080386362
292,3.011865962469673,84.29342082630325
293,3.110362267772789,85.24887375420879
294,3.225869309112697,84.89803071689134
295,3.0057806482910445,83.82698266296546
296,2.899330390276737,83.9365998896304
297,3.0563604321286775,84.55144620934155
298,3.3219967333026696,84.72609372074164
299,2.981495223569199,84.35419832017736
300,2.7929560178657913,83.55644268844726
301,3.1337738651914457,84.29843814073853
302,3.1858507558381284,84.32551552049564
303,3.140656957390668,84.28272208943658
304,2.9637666715612987,83.5005585533361
305,3.191584209043672,84.5997164832105
306,3.2394337155270825,85.28288363158576
307,3.231752410372639,84.67727083939961
308,2.8777124048641745,83.61592971631698
309,2.9554217922976393,83.88658129981883
310,2.9593688663432594,84.36973697944563
311,2.929829198964348,83.7227050138718
312,2.9632447517434883,84.08981211486531
313,2.9326967260716805,83.62317423080457
314,2.9354201565258546,83.54605145352971
315,2.891185411009556,83.45831256439182
316,2.9216007424915267,83.63407055923037
317,2.889536590486115,83.3617051881739
318,2.919515176014196,83.70927321852837
319,2.8511250963548678,83.25490013564327
320,2.9198607452498466,83.62269738645773
321,3.166183054007578,84.34629332393438
322,2.8322423406501254,83.23891651319326
323,2.737724159708104,83.30950324724874
324,2.8778695389002418,83.40674784763138
325,2.835853727899018,83.14252909015913
326,2.900149039870257,84.24573375856609
327,2.843715610435986,83.24099248791603
328,2.9381913708693324,83.9316399108797
329,2.844602064834912,82.9917386196884
330,2.968871752116478,84.3417077618283
331,2.921389973837468,84.12655104746028
332,3.00320496263421,84.44928409654875
333,2.9763426742284653,84.34618837647197
334,2.9399911225155084,84.15197256889418
335,3.007782287289519,84.33889044773353
336,2.9973349365218356,84.45983019037993
337,2.9879773568158785,84.28063199265338
338,3.0115430213554517,84.4641453822424
339,2.978816752706123,84.46212196776781
340,2.953356326839428,84.46012485391589
341,3.0018700634023485,84.62998597409674
342,2.9656739092211715,84.44905806284993
343,2.917157942546546,84.03118833929067
344,2.9487597896082134,84.29905428738945
345,2.9613994096038545,84.35480286570701
346,2.9552386342699717,84.29830281985804
347,2.9797654812225263,83.96510759275527
348,2.889166373693297,83.84545495262591
349,2.769471942195745,83.71703699557348
350,2.9233411337650677,83.70544479280866
351,2.888877536419023,83.52086905850462
352,2.871746648168908,83.27768629404042
353,2.8041592444936203,83.03322902211114
354,2.8074236443892238,82.89926882527777
355,2.744876940389607,82.53803705340452
356,2.778207833097405,82.64848691611282
357,2.6626312055382693,82.55121094851725
358,2.7845877491899578,82.58191225447867
359,2.75410532338169,82.21522477746478
360,2.7201689698856226,81.9156149917901
361,2.751977817134431,82.05361770902586
362,2.7445505137087194,82.01695186107457
363,2.703413150080328,81.91126632265629
364,2.728931089190858,81.63540398613945
365,2.7162659896317205,81.51736056291873
366,2.692895191964618,81.45834667282244
367,2.545419104386918,81.082606606021
368,2.6524810951259346,80.98902224624491
369,2.507539541064532,81.00891297365268
370,2.6742715727472515,81.04692311242171
371,2.670285390594535,81.16760178396363
372,2.6332291057450634,80.83671403024027
373,2.7197402883140276,80.83995022296295
374,2.703037537965223,81.076321873417
375,2.6857531517156525,81.13989771977168
376,2.7298673716906903,81.04532345319832
377,2.684354932487371,80.82818334477588
378,2.7598509633035766,81.0968897222891
379,2.6254400419053185,80.55479319185451
380,2.71996307387627,80.92488796021617
381,2.766300636195983,81.0733366855059
382,2.7445797573913335,80.951931633352
383,2.7263373536125455,81.46223137821306
384,2.7288826956793035,80.72282968641778
385,2.5736850053436977,81.17426433218768
386,2.6891293547803117,80.4713398701491
387,2.712443374097798,81.10518371810079
388,2.7546879348297733,80.74006953807371
389,2.7233147587149604,80.69181172191277
390,2.6558557468989603,80.91636002219686
391,2.6804685895799234,80.4010726806102
392,2.6843235932538496,80.06126731534795
393,2.644974167564061,80.1132195989994
394,2.687662634328423,80.12817305429223
395,2.683328322096395,79.98150155551996
396,2.700794622135688,80.13575749365157
397,2.6968780815748485,79.87618461197086
398,2.6931106754991863,80.03595657784
399,2.6867397850932164,80.21082022712628
400,2.6839625094019297,79.87255520773087
401,2.616802089425839,79.42467242782507
402,2.6551442803756955,79.99885730081435
403,2.6785130590010304,79.98370985025129
404,2.5676268956041204,79.76429465279743
405,2.6777067857606727,79.80953954855943
406,2.619970373668251,79.55768198405028
407,2.6658292567048165,79.5165174441391
408,2.655322498204425,79.78943941572517
409,2.679225757104225,79.78095180180482
410,2.656601218893901,79.88761345858852
411,2.7044168996341154,79.68267002069267
412,2.653730540450416,79.71473566195571
413,2.6016706368294322,80.04396534985773
414,2.625920593759099,79.7344852756196
415,2.6186966004849612,79.47499705230723
416,2.623198944272079,79.99185121578078
417,2.6574177550985034,79.69479182084883
418,2.6857066543530155,79.92446879125441
419,2.591452719708017,80.27122951624787
420,2.6509939746577706,80.34729285590053
421,2.7076135292390537,79.94896666344323
422,2.748902601638614,80.72801770489743
423,2.698439860753193,80.50363238684275
424,2.519597762556522,80.11964124539853
425,2.6494351993952936,79.46507607516799
426,2.6835948569147945,80.24732546650345
427,2.607483460553787,79.94314378298874
428,2.7341453973271923,80.67681403996706
429,2.705052691546405,80.09222113148812
430,2.6997160177325727,80.30334942681952
431,2.6437320808878666,79.60890792960896
432,2.6488275970644457,79.88938903679181
433,2.5930745046595316,79.24758520812425
434,2.58410891914356,79.14646580928958
435,2.55569444963987,79.14130582363632
436,2.534115131763742,78.89768341030263
437,2.5606605917136855,78.62751880203366
438,2.580355436660109,78.7860587048826
439,2.5456084702435127,78.73484652003403
440,2.5461378433341424,78.66123255984463
441,2.544177827955063,78.59592971933465
442,2.5188506219324633,78.4463558423354
443,2.39955722799869,78.33689283477389
444,2.4231319658145427,78.50689937810176
445,2.5792573885555967,78.41583906918257
446,2.5216996516448265,78.63796246114892
447,2.4113847071810293,77.83438352204338
448,2.417620444101491,78.49038402110554
449,2.5144777170341595,78.5877443986789
450,2.4638864665093063,77.8181788223839
451,2.5604267744994593,78.15859225419521
452,2.3849569640951,77.86805949553897
453,2.487250849716741,77.98776309638455
454,2.5267287450607707,77.9046425751013
455,2.569555592210238,78.01388861846188
456,2.6238855136640744,78.23608010279409
457,2.4583531447449682,77.84824253361141
458,2.5052693131733106,78.21830185406232
459,2.4939149973078734,77.90140987100597
460,2.5185650939458797,78.09864905815215
461,2.4876384053624063,77.79603588940596
462,2.53093600540163,78.42115938165783
463,2.641417799363392,78.06737828708204
464,2.631405474865874,77.92776593119538
465,2.6030809617855013,78.06450798568983
466,2.540254376040586,78.54492972417826
467,2.6240097784574323,78.17130769388918
468,2.466153412023972,78.35354487949182
469,2.4573703077322104,77.93187258954957
470,2.375872265655442,77.57786971532646
471,2.6049958288830606,78.07610509323978
472,2.469562165335083,77.96647792418007
473,2.4792206227315257,77.39536657730301
474,2.5822153260417076,78.13615827998039
475,2.595729650674108,77.96293408346807
476,2.568155101055341,77.41779079769748
477,2.431139533968213,77.24752757312797
478,2.403919385544973,76.9679007813696
479,2.484836720051028,77.32777023412928
480,2.4073385267589495,77.9383004581687
481,2.4898075794944083,78.00033595907527
482,2.509256424597736,78.06014099983823
483,2.47213234551376,77.35780409853841
484,2.453086609881565,77.37063204331128
485,2.436700067477196,77.29245236747539
486,2.430726674249993,77.02351789320304
487,2.3699136242132206,77.54052168727564
488,2.389081590864145,77.60132515776911
489,2.429957890084208,77.0390202451189
490,2.4913681755986747,77.30508024347616
491,2.4852884564852507,77.5138760733935
492,2.518975853744505,77.40337701574595
493,2.4099500107186778,77.25493228848296
494,2.3808885918843115,77.10368886237471
495,2.5220688809577827,77.35780313612156
496,2.448219865586,77.66742183547555
497,2.4197201697116975,77.29615681634829
498,2.4246019861036725,77.38191611118972
499,2.4633576274635547,77.52725269971116
500,2.4618620127719066,77.63249561534452
501,2.3607715275603534,77.42960604556751
502,2.4326297072239393,77.5953389565861
503,2.464678741979651,77.57280793544341
504,2.4727759075469544,77.44694023393949
505,2.4270048976917713,77.4868785956763
506,2.4351052904057866,77.58926007647686
507,2.4049197268700575,77.51415947199207
508,2.5331771654141964,78.04176087345053
509,2.5576495627270055,77.41656744081868
510,2.469940275468262,78.15003259536826
511,2.5216950365643425,77.58421933496741
512,2.450174441233293,77.07331773712268
513,2.477123405167988,77.60341025571392
514,2.526945015882355,76.9170828222777
515,2.572913295893457,76.92843977044868
516,2.407177076386928,76.33059817398139
517,2.5605021640293013,76.51616632579037
518,2.519278104460521,76.58508714664181
519,2.5292174694769174,76.25491382164502
520,2.531554979476502,76.7829613324749
521,2.497525144795149,76.21663689247657
522,2.4052301908384197,75.7340039310955
523,2.3455129768168654,75.78853572215279
524,2.3691493938917727,75.79224709485676
525,2.5256853321161135,75.9888087706711
526,2.369709178235929,76.18618385303446
527,2.337037642443152,75.08664686606537
528,2.3268500133130035,75.33399693005241
529,2.405879066386013,75.490464169597
530,2.390327824206977,75.49333234351057
531,2.4827596450546943,75.02223959784772
532,2.337961662542008,74.61935319735727
533,2.412553181039949,74.80953408661286
534,2.2910894209794743,74.56625020189887
535,2.3239224185154326,75.23295176612156
536,2.418991097788245,74.81097283900557
537,2.432883142652783,75.39152454919925
538,2.450017460464698,75.32062693881974
539,2.516458068581578,75.51909257204508
540,2.499438780973055,75.33162272600462
541,2.521553248227992,75.15768314982658
542,2.5086470173249773,75.20204316959935
543,2.5108497966963497,75.20171483018876
544,2.540746058903991,75.16750554910735
545,2.5525907370620864,75.16937898701131
546,2.553560118183537,75.1408107723057
547,2.571984050073108,75.46997843826335
548,2.5149715643542443,75.02823810638577
549,2.5450556414616603,75.0697513933932
550,2.5099513722933495,75.12488485733361
551,2.5510655659442962,75.13119533614002
552,2.5409145127211397,75.00991557531407
553,2.47800498245484,75.10405117483087
554,2.533444922181864,75.02542680137854
555,2.509863657511851,75.36705127057195
556,2.500751039377086,75.21827854136055
557,2.5185805299079815,75.21024868460412
558,2.4653819887898187,74.86033115690117
559,2.5135649710830985,74.89667166828582
560,2.5234825687627858,75.20457355924901
561,2.4770477703310485,74.74388596386022
562,2.485459483210024,74.77249014745722
563,2.4899144699439826,74.83323911609219
564,2.4704405975169728,74.86976082697072
565,2.5016065271312327,74.83880141838114
566,2.473428129084712,74.67742136123114
567,2.454771971776372,74.67647683463433
568,2.48328246837132,74.81789021910149
569,2.4774090923556176,74.69791876296154
570,2.460743533558557,74.54125013228455
571,2.4612175984180187,74.23938862907427
572,2.407873762818289,74.27594279742814
573,2.5040125925970314,74.6144377022242
574,2.4396641622458763,74.2159476197458
575,2.434659648809363,74.35011865491936
576,2.445078203123599,74.21192543500808
577,2.4231654393666116,74.20063238132266
578,2.472823927630963,74.39589353183428
579,2.4231585411611767,74.05179868278886
580,2.362545349831063,74.15624245477876
581,2.2359798885509883,73.68577189925308
582,2.429471275056499,74.08174197118501
583,2.469585924797014,74.30296969798967
584,2.430686868602543,74.03363146153642
585,2.4331202365419053,73.95054531204397
586,2.4826903800859887,74.26292317451781
587,2.4689982087816613,74.27238144250536
588,2.468056508264426,73.97582381337352
589,2.4694148954498125,73.93811877541572
590,2.3735796608192175,73.70431897787049
591,2.4726549435167344,73.8048704873778
592,2.4642009675193544,73.55797906182785
593,2.419292342309323,73.5289863984252
594,2.296181159380655,73.11514953831511
595,2.4358301604876473,73.25884038247766
596,2.422382742636071,72.86982932480711
597,2.427127091757063,72.72832437267289
598,2.4349469529446384,72.85648359530607
599,2.4139395239534798,72.56656664669038
600,2.432346189934888,72.92576456670874
601,2.295840004704057,72.33620864766118
602,2.260549004735535,72.19039148514054
603,2.28846066408789,72.44114774273405
604,2.2368093848060777,72.2522662154735
605,2.38655871066465,72.54731554012977
606,2.4117915101307776,72.81970456686307
607,2.279351419455794,72.20066909340916
608,2.203701215545546,71.93717913918962
609,2.2622661676502664,72.11714648701904
610,2.2880616209298266,72.04650931465468
611,2.473204139238038,72.33109169972842
612,2.3528552433357115,71.91423579699162
613,2.259338422338748,71.52940145432986
614,2.2056830611256375,71.30304993010081
615,2.3436256922687737,71.5956007679936
616,2.272981013884839,71.48912415227447
617,2.27516360096647,71.3029034284181
618,2.273778930401312,71.62462656133914
619,2.126301127558232,70.81914320564003
620,2.2934047166042935,71.18394727519826
621,2.1802857417184565,70.86472982013058
622,2.1473756697322046,70.817263838626
623,2.073383819988872,70.57094425097772
624,2.1229292754771367,70.6525758068618
625,2.2549793535841123,71.01431729397498
626,2.1795545563156473,70.80019395149579
627,2.1756196666358965,70.76224778951192
628,2.1294866296265,70.34364523626732
629,2.123275729506952,70.34917999779519
630,2.1719974950606176,70.7322006372733
631,2.220503768772786,70.99201148694625
632,2.192266844661671,70.65142969194808
633,2.162336701097466,70.63513420153818
634,2.2356429650494634,70.77157042661537
635,2.2297115884317313,70.70770915533708
636,2.155255647588474,70.6185103448995
637,2.1358031049362536,70.39209655299084
638,2.2709862746147786,70.99755221846588
639,2.255980232886517,71.06473504210331
640,2.287513751559703,70.93648757724543
641,2.2988151792249067,71.05828818638352
642,2.3241802306332118,71.28593546452721
643,2.328764047740425,71.21192306168919
644,2.3594226938185328,71.44362519019482
645,2.3118864477755023,71.7426624798303
646,2.308001856879232,71.59193054248992
647,2.3180338162133127,71.55352613522341
648,2.2937008808627772,71.52477824071802
649,2.3531803001431784,72.00565984884628
650,2.3824691892367866,71.9644729432523
651,2.340824198549259,72.00705903598111
652,2.345563072777369,71.9544878583815
653,2.3584972993397346,71.67414622905075
654,2.392542693134247,71.97874195858662
655,2.3871433084559595,71.98897061571122
656,2.384104091545846,71.9769854834301
657,2.2589663996575826,71.524496199672
658,2.344022888522465,71.8398214757215
659,2.3816142314104356,71.97517132585956
660,2.2053446417464966,71.36950835396512
661,2.216910907838192,71.36603287068965
662,2.3311396078785207,71.68136323791431
663,2.3255674087084297,71.52474170947913
664,2.3214700428720376,71.80815405979851
665,2.3571025931576703,71.71098715449025
666,2.3383038937272365,71.7192355362382
667,2.1625941187953637,71.06850341643337
668,2.2241860336035515,71.25371013638528
669,2.162238757423878,70.94896989610956
670,2.201436258177637,71.10244429611531
671,2.1416065976632743,70.80916044001448
672,2.1717388530382262,71.00588383606609
673,2.270444773956657,71.11356221970304
674,2.247578397631839,71.05351910534336
675,2.1518809126800686,70.85853983040869
676,2.2791907243633918,71.014691204216
677,2.1732398588688198,70.90682241756215
678,2.2443458131812073,70.93918232342602
679,2.1575814246412164,70.76835351629023
680,2.1136401971827294,70.71394420013661
681,2.110247677957678,70.62192441547114
682,2.148552626359073,70.65638947702834
683,2.2898154948772658,71.13888265739952
684,2.1990779544228407,70.67796221518948
685,2.171226454541951,70.69689325437189
686,2.1771302072501424,70.6179895365367
687,2.305292941328815,71.0200156762297
688,2.1624290499208723,70.5489640812285
689,2.124990945668184,70.49951573572956
690,2.2449190642249164,70.71384010358433
691,2.150816758691728,70.82526292034271
692,2.1489087700283145,70.78979143120688
693,2.240904898998166,70.90177872930953
694,2.176533336662784,70.85972526013008
695,2.202199219088365,70.85631993923892
696,2.0987440224550604,70.68104876448251
697,2.176740899098391,70.70128772367224
698,2.22296513709277,70.6975454712737
699,2.201911935840906,70.68324597461809
700,2.143170322104095,70.57612767368775
701,2.124696942449845,70.4580273135903
702,2.18861487803964,70.48717791970415
703,2.205891885519226,70.58084536508846
704,2.1424515311250936,70.70208913659759
705,2.1076019429146626,70.56235028514305
706,2.2105784978148177,70.55096651810786
707,2.170667383822224,70.50005350510864
708,2.1899018829015655,70.54436590266755
709,2.256310697440521,70.75170134779586
710,2.2361090833283526,70.5990271520636
711,2.303839243051099,70.82076843266356
712,2.2480512176238046,70.63109326873207
713,2.3316541815604825,70.86197065914767
714,2.243575089125364,70.60074616845179
715,2.3005547366776695,70.76169058991182
716,2.267334302140856,70.44079973530516
717,2.216574905127756,70.54283913055046
718,2.308234971823312,70.44887858405403
719,2.3272016638958197,70.36197196394487
720,2.349929146163433,70.13364247611659
721,2.3193198573750062,70.28457925051731
722,2.3658948921515535,70.27667103945281
723,2.281152009858181,70.02093180739807
724,2.3604985193581083,70.2439230903888
725,2.2214643043485522,69.5508235662706
726,2.192159527263123,69.20991455159098
727,2.1657281647610787,68.88048427856401
728,2.242303879048704,69.0723276525046
729,2.2095822804260834,68.47468191208449
730,2.1412371474674847,68.06736409611358
731,2.004168279312661,67.82910648271957
732,2.0649687810791613,67.78189055690832
733,2.116303352902133,67.46286355251105
734,2.1651445671954384,67.43272682041827
735,2.145568579122321,67.34469473162265
736,2.1163879664658953,66.73725227730436
737,2.135574432817036,67.15268640762417
738,2.108565918015186,66.93282994221317
739,1.931235336199367,66.31372155759686
740,2.0767473283887243,66.78968635636825
741,2.197757383509343,67.08343019944779
742,1.960718334887058,66.44792384584264
743,2.1770365935507625,66.73225224556079
744,1.9156925736590433,66.05077732459306
745,2.095860658238563,66.19855628059808
746,1.9405420208658046,66.037137883443
747,2.0979314344463154,66.22196198729375
748,2.100693926181587,66.3196511265985
749,2.1000681818319022,66.16056541781916
750,2.1470349994734637,66.44753242136309
751,2.1472531257430236,66.59387425243213
752,2.037531671176651,66.2358439463624
753,2.1691892131892843,66.85975835914351
754,2.077427366161864,66.75613736983914
755,2.214826652984262,67.18026350482738
756,2.137134168545045,67.25525314030062
757,2.149744866923033,67.3902887356775
758,2.18465595426999,67.5339256076314
759,2.1802413665656277,67.63376918043664
760,2.2095953262598123,67.79079966764232
761,2.2813576967816687,68.14664642846714
762,2.183087735194284,68.12734436902797
763,2.30261625612796,68.40079675480443
764,2.3271065970514813,68.50162519542431
765,2.2784027755280563,68.35765018767252
766,2.324775316112439,68.45901026916837
767,2.312209269998299,68.34281767194359
768,2.366824384793199,68.38518282715454
769,2.2599121120795584,67.94458030966204
770,2.2536905386121107,67.77586167569793
771,2.204344983974171,67.57019110137429
772,2.2257618484044817,67.53840634321632
773,2.2044470873227193,67.53923339789237
774,2.2181989813890683,67.5107635797126
775,2.258184812934019,67.6772544135118
776,2.2825864237331666,67.77274082772448
777,2.3027843478056567,68.02565460631118
778,2.350264465635625,68.0516401838462
779,2.2936934557248088,68.0144928166386
780,2.385522333992813,68.31401555047763
781,2.3168138080158127,68.06941706113122
782,2.2384333481508687,67.74976593265465
783,2.358530703402103,68.0684072497781
784,2.246272973211874,67.66330198827829
785,2.1809758747934214,67.36569428198817
786,2.1706429778576495,67.47336244411028
787,2.191754835001411,67.26276270207421
788,2.2348338172209097,67.37758031369766
789,2.2381169763639335,67.54554338561795
790,2.29874561708392,67.75965349185073
791,2.3329191891416103,68.03687957081308
792,2.2866732718616025,67.94130539673912
793,2.3476926090703314,68.23711558929894
794,2.324746709013318,67.98762293952659
795,2.393355945791684,68.25705258186585
796,2.2520320117677115,67.86964224353683
797,2.2225297142344256,67.60930814753547
798,2.257327728271187,67.36925859096236
799,2.187125047910116,67.43237268951424
800,2.280971515002386,67.33060644767606
801,2.3435401054160883,67.55367196929716
802,2.306685127149201,67.46150620620908
803,2.326330772734149,67.44391390494832
804,2.3047447803753323,67.37330793882069
805,2.3420610741237304,67.37738220438459
806,2.2712834704010603,67.0168915165461
807,2.2342982583370508,66.73402757387835
808,2.1961590799280817,66.47897206754786
809,2.2123931679386724,66.4635225040608
810,2.1390064278582708,66.0170730809426
811,2.1829668017474293,66.24570779352425
812,2.2006085356333123,66.22422798068251
813,2.2446080099737777,66.39724008458742
814,2.18911765594265,66.15529424225312
815,2.1898618183395375,66.08173040287998
816,2.1473106054289315,65.98330095097513
817,2.157582295160271,66.04178815661082
818,2.165196157560385,65.8568496999886
819,2.1221479825286633,65.60402430497994
820,2.096508953832715,65.29615038793418
821,2.1601870111163124,65.48226407088778
822,2.089806421283027,65.34187165100384
823,2.1264348246041105,65.46417553102782
824,2.0517121504367606,65.53812862829068
825,2.167970914587988,65.615327551406
826,2.140638688168863,65.56423046411284
827,2.0838227262105025,65.55192347693936
828,2.1107215690721137,65.67125130712782
829,2.132181368493349,65.56035874575112
830,2.07613658163937,65.47474431905779
831,2.1221892706205367,65.26290848747817
832,2.0730473169055164,65.03020249190912
833,2.0916331203724754,64.94064663634423
834,2.0299276350083835,64.86962614202358
835,2.1190944275127337,65.12186373524204
836,2.04991170261741,64.99255029652672
837,2.099587399578989,65.25535511099262
838,2.0800239074444766,65.3818070650428
839,2.0170081213066027,65.31089695040895
840,2.1992518588977146,65.59409874679162
841,2.070728672977698,65.25032571722444
842,2.167576812724229,65.45329967051072
843,2.1477003131012813,65.25206784292963
844,2.1311745946511715,65.00774884382628
845,2.0811403575540144,64.78886193198822
846,2.0709930791527693,64.7410832768722
847,2.0737853807155546,64.75405181382472
848,2.039476294269129,64.79891638982429
849,2.104318630428178,65.05944500678332
850,2.058865139868913,65.00467425148801
851,2.1841410579897524,65.40021089532512
852,2.2114851676135827,65.52365330160005
853,2.1744770147520818,65.42760716657308
854,2.128174991556523,65.2584718763968
855,2.1674857301775368,65.24527711735442
856,2.136890470599869,64.97374348489492
857,2.116007750288355,64.91469643693361
858,2.008047929179864,64.62732088234036
859,2.013964805471077,64.69430813083078
860,2.165591018964533,65.0522255575186
861,2.0574239310060203,64.83739082124121
862,2.225870309397965,65.2217370156754
863,2.047471161926581,64.90012619525028
864,2.1752279658485407,65.30275763141282
865,2.1673040646071358,65.2430564554685
866,2.1577798298456714,65.26198931400454
867,2.2449645555310003,65.40188748957381
868,2.144529308757911,64.90678543826176
869,2.1640899165896172,64.86847068099651
870,2.1368794751825524,64.67129334563312
871,2.1187431262695187,64.41959920898812
872,2.0965005435806825,64.40581468797319
873,2.112993456457682,64.42109236297519
874,2.123022183801655,64.31283581227916
875,2.1306926379642603,64.32567854730758
876,2.103218786661411,64.1774950794817
877,2.0433986619719633,64.24994550340523
878,2.025641998752119,64.06035230672181
879,2.1368050183543446,64.26318628777808
880,2.1110776586067077,64.13195103362122
881,2.0666607954367415,64.23411584877687
882,2.0855368117592947,64.18204018408773
883,2.27971507211333,64.63809397590467
884,2.0560691317760917,64.17173608659614
885,2.0515381087309223,63.933581527674114
886,2.116626841448589,64.12364446665674
887,2.0993325075932776,64.02473100656276
888,2.1429814724997605,64.17126298616652
889,2.0878572392036543,64.10223924441388
890,2.094899708810796,64.04029496850487
891,2.1090940101863653,64.10892056833707
892,2.1445776289084124,64.22886573100223
893,2.149374003294874,64.33742335427205
894,2.166355786236098,64.39909531054533
895,2.1039045084419947,64.35249876847087
896,2.1592581941670668,64.3787696227772
897,2.132134844228073,64.3915176247112
898,2.0689235914024895,64.37055929983879
899,2.192635727765988,64.67198848079083
900,2.094109547627333,64.55827302859831
901,2.1654223630445544,64.62398747303881
902,2.1516812722292458,64.56085883250857
903,2.1427101120400995,64.62585049089563
904,2.1418270484962334,64.55073954947095
905,2.1311075598458373,64.53514088850683
906,2.1495154407906796,64.5552171947059
907,2.1433775745448056,64.52637262591108
908,2.0927111585076483,64.66247197240273
909,2.1886146505063757,64.8245545900622
910,2.064225030612197,64.68095404552464
911,2.1205518745437604,64.71743086732278
912,2.0346796283615105,64.62826715803949
913,2.15928990057986,64.93875123562182
914,2.188820837958018,64.88064917725961
915,2.1796994298436654,64.95934186116848
916,2.1347275203900806,64.8727784524705
917,2.1188686171640203,64.79387493203691
918,2.166262378050372,64.7123443419445
919,2.200900614036273,64.86024722788643
920,2.183795294704771,64.4022720730447
921,2.225914334548229,64.35823316371373
922,2.1000144623217487,63.77657411043023
923,2.0976212743604,63.61827866176481
924,2.0819401076698214,63.61552183339702
925,2.089340120222518,63.56486863394143
926,2.05064235655597,63.33606639936542
927,2.0943311629491403,63.47088457046611
928,2.1044381679063524,63.55432015258632
929,2.090144884999996,63.53734241460686
930,2.079236138450485,63.569381904908354
931,2.1108222657159104,63.68896233299329
932,2.114203489597546,63.79369154622451
933,2.0891885715593395,63.69064647312544
934,2.1124977469440855,63.75484892124442
935,2.012064985012633,63.62712448357621
936,2.1335028058390013,63.86497205261309
937,2.117489344074072,63.913550345186614
938,2.0608168636402353,63.92633068023417
939,2.119933982083056,63.99711644359853
940,2.1097049751536923,63.93898281781901
941,2.1104889104428923,64.07157498886296
942,2.1325137108691727,64.06609287027237
943,2.1071230655553026,64.14657229484479
944,2.133255222654645,64.2209078167761
945,2.0484219439400144,64.03679136179285
946,2.1195255315506567,64.26329410041961
947,2.0507839150600593,64.17191729201815
948,2.1421211869467873,64.13523802487832
949,2.139278275333493,64.22122697509695
950,2.1442361426447376,64.31563552639945
