,slope,intercept
0,3.99139976136778,86.54846902064925
1,4.288621485734853,87.9187616127607
2,4.398712813482039,89.43877296500547
3,4.2912820682979245,87.96411909206539
4,4.192843065240395,87.63406448376024
5,4.357703989254038,88.2544577424632
6,4.23509492686702,87.71013629179372
7,4.242876583180864,87.69716838613796
8,4.251876338952314,87.53189460643593
9,3.847492467738247,86.40605561468685
10,3.8621246597042855,86.36959153575957
11,4.407429990432251,89.07794729499979
12,4.433614077075976,89.28122735720282
13,4.001141655777182,87.12971361492599
14,3.871680423820249,86.78873909658367
15,4.256155611968237,88.04954476439052
16,3.8203100825888425,86.47990335072393
17,4.61388083152334,89.50259770164136
18,3.965965499166458,86.81001807089615
19,3.8903667770235035,86.36562201254873
20,4.365467006651329,88.26085067636325
21,4.622378028355712,89.37396126714162
22,4.293083646197683,88.34153105899219
23,4.038464304685619,87.2366393586059
24,4.396813238715395,88.74781608383556
25,3.934518912886956,86.92197785431902
26,3.9203368416360798,87.03517474654403
27,3.9643334414928977,87.2225777423541
28,3.3880910177342365,85.00773945952052
29,4.092758530735971,88.54559405248312
30,3.939463462964454,87.18588790235282
31,4.0251113868508535,88.31268267463129
32,4.010411136690281,88.06707917976222
33,4.386634011935741,88.37035839300488
34,4.314719179543649,87.93260697335437
35,4.304577419502051,87.73845012147547
36,4.333280937142865,88.64396279167185
37,3.6976003351338944,85.53467670886404
38,4.417745287666637,89.27049332502057
39,4.579484777976482,89.25141987680846
40,4.5021715439524765,89.51126951896028
41,3.5227802110720385,85.23644163050551
42,3.4909838320350914,85.17947603971722
43,4.2186382832882545,87.59946603073278
44,3.5810492382836787,84.11359234334215
45,3.702411779842899,85.78884945797564
46,3.6573643013098285,85.45193936863177
47,3.760386391927678,85.88274682666083
48,3.7728817996678425,86.0117783688471
49,3.705339053768457,85.6406075186643
50,3.75620853874838,85.57001532941028
51,3.6962296521383284,85.97784973273026
52,3.7385953602408204,85.52115126112744
53,3.7674830205670315,85.47839466127627
54,3.8475695809800183,86.00728487736377
55,3.530776487302634,84.92339217293255
56,4.109817274660292,86.5658923341454
57,4.150083373503364,86.35795180754641
58,4.148827715208043,86.09860052893465
59,4.129880106360079,86.09969184797274
60,4.172551678015922,86.74937937005208
61,4.21181377510102,86.47504276395469
62,4.154488879376237,85.84739744193972
63,3.775273552389162,84.3437420123872
64,3.643496227785772,83.72861946235645
65,4.083783088004955,85.26751147663836
66,3.673919113106354,84.50167978429246
67,3.626594465328921,83.58434229027229
68,3.5986467120212033,83.56402456974635
69,3.6731578519642407,83.81636271384471
70,4.141972444068364,86.16513243362184
71,3.6195202610807127,83.47130677977168
72,3.5826023192098226,83.04821559108387
73,4.021895333274324,84.59536154978467
74,3.905584116339812,84.42592062397584
75,4.038125401858561,84.87089970688253
76,4.103196305710764,84.97855563963316
77,3.9557744818123175,84.46276523180059
78,3.916192123889359,84.09146225871442
79,3.9842115859271634,85.0826558824349
80,3.938504386951861,84.14012160561583
81,3.9480259686645796,83.95099413469362
82,3.9942993249486127,84.33466745726187
83,4.0074684175836675,84.46609877553699
84,4.051753816087872,84.74720478791409
85,3.995390585722386,85.18503331323176
86,3.4805400103200106,82.32537926708538
87,4.021784635453921,84.35265431535895
88,3.978147058681714,84.03870921880315
89,3.4787646863262847,82.21202172131767
90,3.5425126188942553,83.131023653272
91,3.51674728127192,82.52986082164072
92,3.9401065135951203,84.05442525619107
93,3.4641487330625362,82.18393229151285
94,3.91660266717294,84.058763317827
95,3.532573245222942,82.63559257446715
96,3.5454101261553084,83.20077757319642
97,3.5713142733670833,83.48391164863256
98,3.5480802872271036,83.5297542270265
99,3.5962109899300736,83.71587136175204
100,3.5838103838494515,83.05057398549837
101,3.8998211619271053,84.57035349442555
102,3.472485548530044,82.74287683730462
103,3.6619321360098227,84.12324823737886
104,3.665522934539484,84.07799437582369
105,3.9110684933861553,83.95576382541428
106,4.025403756678996,85.65730598478594
107,3.9685383779943533,84.6282327810773
108,3.913225408280915,84.07542273529928
109,3.9556983240126926,84.36468131985309
110,3.807069527852976,83.61221715627242
111,3.972722641723148,84.64855290252109
112,3.9180475410831255,83.90280900455228
113,4.01810060962379,85.13827318585548
114,3.9415114718452524,84.80592367484256
115,3.843861330795415,83.78453726373887
116,3.990314393580502,84.91024456717022
117,3.4867327441855775,82.7089252985645
118,3.540411462637598,82.62307633245898
119,3.52748202031114,82.65865299351681
120,4.009361292470164,85.67126494840853
121,3.907547838143418,84.09837795199245
122,3.483558942000097,82.71655764086516
123,3.6776628889875966,84.55441256572152
124,3.557318558196805,82.69376961371981
125,3.487394421199313,82.49065192131158
126,3.488638213296426,82.23697521904108
127,3.511683119575858,82.5008828246669
128,3.5744883937869187,83.14095803713217
129,3.5003272016387497,82.60442355309424
130,3.5646645365857985,83.14577402735299
131,3.5833101150857574,83.34311297239137
132,3.6230878614626123,83.5122751671061
133,3.71876381362167,84.71241181980575
134,3.5133205187700596,82.5601116441361
135,3.614826467194887,83.88818042441815
136,3.7040766756295485,83.92399854353657
137,3.558638910049737,83.25743229285125
138,3.492460374770397,82.72287603991063
139,3.581920895179006,83.30290960970348
140,3.623034899034081,84.10517112712333
141,3.6268576587782735,83.63424076485673
142,3.5943326729775587,83.73705908988923
143,3.59709968646,84.05820066611773
144,3.5684114115754806,83.22231735108639
145,3.5435676800717486,83.16784729446066
146,3.5535607432441605,83.24764094508473
147,3.6038137675355095,83.73980188441008
148,3.548661891536475,83.3062377560677
149,3.5169557157182876,83.09150187011136
150,3.4991124768492923,83.25760162222285
151,3.9086497013028976,84.5373937877981
152,3.5685838831579897,83.54645741944613
153,3.5558194546275397,83.42919039709595
154,3.5804635907965423,83.48035220510242
155,3.534055375535604,83.40473028021763
156,3.5531102586200665,83.38818497653753
157,3.5179429806304783,83.24626605545244
158,3.5098244786473773,83.28065366236132
159,3.5659419331661155,83.54254380952155
160,3.5325792623996723,83.32703236562944
161,3.5239682145502593,83.1754067322042
162,3.558388540855532,83.60861965276735
163,3.523351101765987,83.25156089576258
164,3.553775559727727,83.52688448096961
165,3.9376222000533594,84.7666274181267
166,3.5263166288447976,83.35932123079593
167,3.461921676519061,82.89330952683922
168,3.558521026808687,83.2996099271839
169,3.5590314720339964,83.54762809795425
170,3.5636787866512254,84.16981633968773
171,3.5023182941797755,83.21790512739783
172,3.50481301684977,83.32890037769299
173,3.498216354693915,83.27429345252551
174,3.562512092824455,84.02295465316418
175,3.557925922678644,83.57055749456514
176,3.546076053890296,83.55142746044314
177,3.5999056489112395,84.48496652295671
178,3.4744679999097507,82.97753236430646
179,3.6256263125039467,84.30621109003565
180,3.5051428843284334,83.39267280691085
181,3.457668558109618,83.16048462089593
182,3.473962622572581,83.16252232286492
183,3.532816581760553,84.21561779655089
184,3.5154531842831065,83.68315080277189
185,3.540067564544605,83.69832981241164
186,3.5524635328273466,83.77993768903933
187,3.54890887519838,83.76866662162631
188,3.5271649482650593,83.53492193326298
189,3.506448805087422,83.50829495216935
190,3.550172300594219,83.62747783250232
191,3.609743535119992,84.18734872940125
192,3.54694920980494,83.74958218849913
193,3.9263557764880623,84.69546325951453
194,3.554466521261275,83.65981134254113
195,3.5550479793871115,83.95819431179838
196,3.603482679671637,84.72447106222005
197,4.066741153697576,86.36762839199527
198,3.5955037869906166,84.68009159587481
199,3.5196260443219947,83.62668640121584
200,3.615004114471296,84.98785068116715
201,3.924327964705486,85.16734009436135
202,3.641296974207693,84.25583735149831
203,3.597583677127996,84.30564445477124
204,3.6371000676751555,84.54543308235506
205,3.9704211618627094,85.32611199210038
206,3.61345918324364,84.464413850958
207,3.6030362266238516,84.27426575654675
208,3.601573040779084,84.04774632686878
209,3.6404277803401195,84.24368767506905
210,3.486270533684662,82.70148780214588
211,3.5965830462237514,83.70049788878988
212,3.624343812208561,83.82674998474177
213,3.5730026038944285,83.58167346508647
214,3.4589366917185362,82.20226264814225
215,3.7105882328403887,84.6585718835274
216,3.6542889672135215,84.4907975516918
217,3.4969886424299332,82.89421148339771
218,3.5623793726167827,82.92483493214128
219,3.5658082499381085,83.02841478867276
220,3.523640153053142,82.83926120446793
221,3.54873359412279,82.87681806557195
222,3.5404988799262047,82.85326018394304
223,3.545450195348511,82.75600116468996
224,3.444974525724228,82.02088261357932
225,3.8050804389009896,83.23761704117611
226,3.5204202002699807,82.3932602585869
227,3.858830708575203,83.39403147771905
228,3.530817813746767,82.10385133682625
229,3.7976753972126245,82.76434579220373
230,3.7801863325826006,83.09685021349297
231,3.7440793570502584,82.57073926003359
232,3.6143736218369598,81.40053062335093
233,3.661619765443757,81.81896142421648
234,3.7491287696389226,82.60878462131608
235,3.8990108623605404,83.28263237772305
236,3.7977300658306405,82.77374503383317
237,3.807793212576077,82.68719280316668
238,3.7035884364528093,82.18511454156351
239,3.802502940402463,82.09478440298098
240,3.7851951626281224,82.30267986375843
241,3.825173599743278,82.53163792870643
242,3.7161119523657655,81.97362247392981
243,3.775991615686438,81.98813832906455
244,3.6015324680432115,81.18165741689197
245,3.7110723383767215,81.79374009191835
246,3.7575870511222713,81.84027750109037
247,3.591800961293298,80.99063266757632
248,3.651366326535452,81.10795954298807
249,3.6102965162757603,80.57428946323304
250,3.2851051293453764,79.78761132888204
251,3.53875825702815,80.484984211361
252,3.6574911772484198,80.97557140550938
253,3.243162497277806,79.30498137274613
254,3.6402387545207886,80.77159890459298
255,3.7429956924427694,81.05011624095131
256,3.671607140323291,80.70499182500328
257,3.6553673499101613,80.74962743460308
258,3.500990630621189,79.92709306414406
259,3.5328115972673273,79.47071564923527
260,3.583390105505715,79.12119195738177
261,3.645427648632159,79.99721998908548
262,3.6249807693898783,80.23852621632047
263,3.2817721306078087,78.80778150767152
264,3.6474177776702423,80.11261588810665
265,3.4167082060201266,79.41705457195121
266,3.710158042720374,80.24879576254747
267,3.141175382141416,77.92460232857397
268,3.5011791314837417,79.28728612185964
269,3.4765422688063388,79.40260189940165
270,3.4578125133781046,78.74883287331991
271,3.5208300112654727,79.49960847595192
272,3.5841019246271184,78.86503747095766
273,3.4684231140220705,79.2773326230838
274,3.6160762554254458,79.92097461656526
275,3.5437013579475387,79.45430082597662
276,3.4889178816469957,78.93696369661052
277,3.51269206898462,79.53291156330327
278,3.2283275122991975,77.98778233952228
279,3.2676703609665267,78.45061257963884
280,3.620506043159322,80.08933412707597
281,3.5824795654073562,79.56478762398318
282,3.607230492202229,80.15920251378716
283,3.486042503645248,78.79578636213174
284,3.48616434461467,78.79828666738923
285,3.4155082880977576,78.48552468511403
286,3.220959111585739,78.39528560231734
287,3.343850041771715,79.05609712094187
288,3.528888084348529,79.02758737190157
289,3.4779584302365087,78.97312657638061
290,3.5532044252912454,79.54328461901125
291,3.180108392580087,77.97183537147318
292,3.5698399531697356,79.40508876366816
293,3.500503611117202,78.68233590957618
294,3.4191197638778528,78.12455083292242
295,3.1903296684232165,76.80599982337581
296,3.232401959959872,77.51832182239751
297,3.3388352282025124,78.5994661860371
298,3.250941196427179,78.30805990487355
299,3.115767846414789,76.5388640587959
300,3.5861643941531853,78.92096402097975
301,3.180124465731285,77.18627862743917
302,3.151636067505284,76.57387956093368
303,3.2238040795135783,77.17491432397928
304,3.395883913015469,78.78734213883409
305,3.4004609060707285,79.11674708423462
306,3.2111112714516836,76.71899112022756
307,3.2303196440784316,77.55662000346771
308,3.153403687918307,77.53229489701161
309,3.339630772805904,78.03072242863978
310,3.3687450735803517,78.1113809880588
311,3.1778670259516155,76.5816759894635
312,3.4621237787231585,79.23430684517808
313,3.325816545829831,78.32880398248598
314,3.53877196216365,79.16202187591286
315,3.2658807382428576,77.779835529077
316,3.2929164591610123,77.95360957041
317,3.2702344061660336,77.77108489919351
318,3.207344380486636,77.29703530893323
319,3.2583509034605806,77.37968007213728
320,3.488778960078915,77.95510049976389
321,3.5043968214409396,78.15530099539194
322,3.469443272393467,77.91917978654342
323,3.4993174636191564,77.9017075575185
324,3.525554962857835,78.33007496407483
325,3.555119001993792,78.92296476589485
326,3.2934745806389216,77.57654255191764
327,3.295228574641763,77.61804668590841
328,3.5423478928845205,78.60559134006634
329,3.5745664725184314,78.79445727022112
330,3.6241852213723074,79.63211550639417
331,3.0498933015224523,76.86103846396861
332,3.5437596520341668,78.71435141211215
333,3.5503364167892157,78.68270198462349
334,3.2542190739346832,77.44017700862545
335,2.9932914252254132,76.4673899020185
336,3.235662261648487,78.02566500249145
337,3.5260979571665114,78.48967609038839
338,3.4450148307466866,78.43883166965139
339,3.572533279592655,79.23748085583951
340,3.5505990949529234,79.0297495537163
341,3.3052707593272395,77.59341577979762
342,3.561731827668136,79.4211047567847
343,3.5748425710609677,78.9983209057275
344,3.26763271053499,77.59222828336193
345,3.527792258246202,78.98989787985768
346,3.607842200503352,79.74092983757448
347,3.559066725192976,79.23299149401711
348,3.539196724853812,78.66562210305261
349,3.565277753484136,79.15039270695335
350,3.5656667216090243,78.64422747187255
351,3.542855696120688,79.03329104760277
352,3.652133608742179,79.59890861015845
353,3.594311617036325,78.91291074987659
354,3.5272527175036927,78.4750206774624
355,3.534205536579064,79.08523620107044
356,3.59098396686448,79.54302678634832
357,3.46023553243166,78.12233373734831
358,3.41338697401477,78.28655375658843
359,3.4859512918769724,78.5296009146354
360,3.5133777133852506,78.41650644619742
361,3.5980346257807145,78.8051143192367
362,3.2156416755015513,77.41820252424444
363,3.5002836968919593,78.43966500222118
364,3.1769816284286816,77.32645094111567
365,3.5311375813710626,79.15114071468673
366,3.1022129467873976,76.59880552344299
367,3.477412225635608,78.47390526457663
368,3.5489096417754338,78.53100809454608
369,3.4531509951549153,78.15673809115279
370,3.4767245541048055,78.635136151928
371,3.4400869410471064,78.12984917587174
372,3.4390166509999887,78.00920775853646
373,3.4600692580347343,77.95428508607301
374,3.4132227151094603,77.86414382950953
375,3.466744831847145,78.13079748376326
376,3.2957411507601595,77.4472338729164
377,3.3570672288700614,77.5496512754893
378,3.4330372648945704,77.88846888948159
379,3.4601065409307252,78.47318140758944
380,3.5138169248541162,77.9754162873838
381,3.4953431507785826,78.82191890410779
382,3.492201529046477,78.03008994609858
383,3.486362936904942,78.42642520400715
384,3.2624841484934266,77.87065115891878
385,3.442789890367355,77.73592565382312
386,3.2507333594387546,77.70170161879697
387,3.2465901651283873,77.22422481217113
388,3.322649702442856,78.1300468912247
389,3.2697296789067214,77.8592924602636
390,3.3062721826176804,78.07864855983304
391,3.303009865466442,77.73978393656276
392,3.1910281531697198,76.81339037066417
393,3.3491735394300597,77.19136687597572
394,3.1009354002520384,75.97450191683829
395,3.169447647071323,76.27647359508275
396,3.117951343618864,75.74999721907098
397,3.1452381494779904,76.69386691921724
398,3.0895086814868984,75.68002883096842
399,3.4291553340808734,77.35820310410021
400,3.1246362428201757,76.34280261091887
401,3.1157781929106383,75.75347998895866
402,3.0523048076347203,75.0263224196699
403,3.0902197381046026,74.92587368007194
404,3.259940428952757,76.2629147586018
405,3.0257824715601993,75.31394748464793
406,3.220002350136121,75.22935033835611
407,3.3058692697206293,75.61474382997082
408,3.1757986541443923,74.98487908557976
409,2.964301793815186,74.16522797249235
410,3.1465105702539113,74.81222864793102
411,3.1481997057319746,74.70851353834883
412,3.1691587725165165,74.60022370750107
413,2.9877674566907846,73.91127745446946
414,3.0683288264935435,74.28566894030065
415,2.9759790126145003,73.75326344622901
416,3.0207649705157538,73.85687177695523
417,2.997220617967922,74.0718704975735
418,3.1432973904208983,74.38178674728367
419,3.019622788638741,73.84983451797999
420,3.1524626697584117,74.22339750853337
421,2.8567858543674105,73.22757762263656
422,3.1916457474166955,74.36526773432945
423,2.9793396782292163,73.39330481920112
424,3.0540990351685866,73.6124750766765
425,2.8883275981039525,72.94674520772017
426,3.181746429374312,74.2806506847439
427,2.8582833852228644,72.78110312916962
428,3.084851336195654,73.62507998136181
429,3.181286251147707,74.00389284859148
430,2.8063293729536807,72.73570042608432
431,2.831104822823541,72.83860986720316
432,3.142663215613642,73.90654249405677
433,3.1973825188815876,73.75997390783736
434,2.8455359165432137,72.86728236382659
435,3.0521684363922335,73.33070474598419
436,3.174629743937086,73.77701268389096
437,3.112529087039929,73.40477407446723
438,3.2143757724532387,73.83427740053308
439,2.9166557972179272,72.89862541934598
440,3.114905620650758,73.3860586797373
441,2.874024254622733,72.60625447360701
442,3.2010755921271583,73.69886416145778
443,2.8623087490635353,72.22558602101489
444,2.838164551964099,72.03013560839389
445,2.80225635906604,72.07003006931735
446,2.7970777136678016,71.63974648608807
447,2.860032565298123,72.15361979306904
448,2.8177641116870062,71.90407828097452
449,2.8478897180181857,71.82373806085177
450,2.840371168200508,71.94091653358667
451,2.8636706729228623,72.23192979158013
452,2.8165728717711422,72.08547809377409
453,2.745861438050418,71.81447010134592
454,2.8705085116561353,72.20868891856347
455,2.8141696692959735,72.004269280009
456,2.818729238317686,72.25559356135545
457,2.719064577740927,71.55099343664105
458,2.87134138938718,71.91170995427731
459,2.777070677682165,71.70067912793729
460,2.724919608629904,70.95440140855533
461,2.7628380330782143,71.66776083773884
462,2.7928102733119764,71.87294950381059
463,2.831268527915514,71.64238560870841
464,2.7075661004030485,70.65131789587404
465,2.6820807182090833,70.61874237563238
466,2.6810225801541225,70.586518215143
467,2.7132870525723716,71.12716687116219
468,2.777756803321174,71.5907981728277
469,2.7914410171755075,71.5244240200762
470,2.662426161514751,70.71970873613142
471,2.817600159883402,71.6626202568118
472,2.7675288198552024,71.52931416470518
473,2.721570595373477,71.27538478974748
474,2.7664206065770904,71.5298935049975
475,2.744482728412589,71.35790453161906
476,2.8038328989899233,71.57360367354418
477,2.7599784972686385,71.21650241502668
478,2.8086070016997544,71.60429370875318
479,2.721827763771543,71.02255509021518
480,2.755852621381034,71.31066321178322
481,2.7893724874784285,71.86899203128922
482,2.771305016086922,71.76681726765884
483,2.7145931825735006,71.67048732401284
484,2.778070975593082,71.72170357648385
485,2.7683774794815994,71.75753007323257
486,2.7571989871299167,71.80015490307588
487,2.83730468289396,72.03338829765386
488,2.8025384592215077,72.10170131720393
489,2.726842734918599,71.82466982028278
490,2.7631914249433995,71.90614837276499
491,2.7604455997931323,71.89807944774402
492,2.842661482990708,72.19361529932189
493,2.8083019896934007,72.11040493297993
494,2.831057299493358,72.02068121974621
495,2.724546465178786,71.70756320935597
496,2.7894033462089345,72.10028786454512
497,2.793274203776046,72.11386983869289
498,2.841214760711793,72.29683264564166
499,2.8091507161133675,72.1198653000071
500,2.806203446313068,72.23123387691759
501,2.7930355763768,72.0910066830851
502,2.8017489974906677,72.26491933722228
503,2.772499945585819,72.24827191511312
504,2.792094635429996,72.35542162617313
505,2.864559629114002,72.69570151934461
506,2.8070110387705034,72.49898133317076
507,2.818256435410577,72.58438476722678
508,2.8144090814356644,72.58851454148454
509,2.843504902612758,72.65829447967708
510,2.8504666827664593,72.77071048419603
511,2.8455813822458675,72.5263996925317
512,2.7884640291440395,72.35942106284025
513,2.7999483603487274,72.56289406266849
514,2.8155892891392007,72.68460701605386
515,2.846926755880624,72.84579165105397
516,2.7860751422290297,72.5319370968392
517,2.791782608786343,72.5746215151465
518,2.8100001774654304,72.73398621020196
519,2.5500031450833047,71.88752341487007
520,2.963582081519922,73.26262794397351
521,2.856957453501015,72.69929510619241
522,3.0118892541624827,73.28396315495152
523,3.14299838640557,73.68136064516834
524,2.8266425182013597,72.72992507259805
525,2.7901841459642136,72.39453915672237
526,3.0443601699585843,73.40033238714736
527,2.8927091945515944,72.98980715077256
528,2.8826582499007483,73.07677520105052
529,2.78899878747229,72.79277115458932
530,3.1327966907550193,73.99540487646482
531,3.0674798200147015,73.61881024166095
532,3.04672572280693,73.5158422826925
533,2.8235010311097644,72.83360365236254
534,2.840975111027679,72.99639948687168
535,2.906652498342044,73.2743191117649
536,2.8471883865084777,73.10018174591475
537,2.8592354396206083,73.02967636084722
538,2.795799190953198,72.94615469234371
539,2.806768744989631,73.1212921629985
540,2.890192316471241,73.40772138590526
541,2.8165522276361106,73.16768864314722
542,2.8631093447937572,73.22200505700363
543,2.8880937814526675,73.3391326849496
544,2.8230902856450784,73.28070955831474
545,2.8646142739889586,73.53167813999423
546,2.8128522881460682,73.26243944817672
547,2.909733310444943,73.55012696389595
548,2.8255636596695646,73.26152290462876
549,2.7960869613029393,73.02841481112452
550,2.9353128718711874,73.56315343668541
551,2.9297562604902687,73.46063172758892
552,2.9085001392115615,73.64371984082834
553,2.7987238713790163,72.9000542257916
554,2.8868607128871444,73.24567283486212
555,2.904932926865447,73.2307996095173
556,2.8498884597326497,73.2154668230477
557,2.8959691242270584,73.54393546642834
558,2.9082892881520372,73.51198761268
559,2.858132928125665,73.2192650345483
560,2.8826987392018126,73.3037436213528
561,2.881039264663525,73.47201169423445
562,2.909438126702312,73.53725104919734
563,2.892155865801787,73.6022181507638
564,2.8760727882613013,73.60857181104674
565,2.771630381567653,73.12679646868662
566,2.902789846771884,73.50024098742226
567,2.9756070122825378,73.74672014931535
568,2.9571872537289225,73.74945744600369
569,2.8936382441550452,73.52727277033294
570,2.8870053125285686,73.26390038872432
571,2.88876432892118,73.3459103283775
572,2.8243659653077997,72.69636420482149
573,2.935338872903689,73.13613117804387
574,2.9142120247447822,72.95570765055488
575,2.865924647972316,72.90335948921845
576,2.858728591421972,72.63154579144522
577,3.0757746329639684,73.57733118149062
578,2.853069933509791,72.51321581515138
579,2.79051909967189,71.66976625209288
580,2.8563732862247657,72.4119479599395
581,2.83629477023109,72.2235621659556
582,2.7672829190724,72.1241902255387
583,2.6815492175891733,71.61297498664482
584,2.759012022662809,72.00151214363594
585,2.807327406831076,72.03732845445275
586,2.811381404785103,72.15910833663138
587,2.711609078552946,71.59295828940711
588,2.6641981569610653,70.94935169266977
589,2.6787974224902555,71.10330852639508
590,2.643621662042282,70.7035897585685
591,2.7281637200821973,71.30463355470691
592,2.675544579635315,70.67314840941735
593,2.6995457842393105,71.02763195477539
594,2.6933018670957525,70.67868255389162
595,2.6804030850110534,70.94324390250846
596,2.6623912088400066,70.44411404546773
597,2.5955454729710823,70.39963891739332
598,2.6175934350270342,70.01824626879474
599,2.697114387976395,70.47374611480774
600,2.5989394800414423,69.81358471693166
601,2.737386591425998,70.46652750696308
602,2.620798212313367,69.61353939766636
603,2.6634547123823817,69.80275036094402
604,2.6688251860360515,70.06824180047526
605,2.634347109664821,69.94441495159407
606,2.6619937513850886,70.09076919773716
607,2.4764213225683744,68.86681741198412
608,2.5072965513786003,68.94547245455158
609,2.5818538687553985,69.51484374813849
610,2.607969161602819,69.68180205041469
611,2.647290749412066,69.64722205199114
612,2.6465397123956533,69.75784286914251
613,2.5154216339184856,68.86431947098141
614,2.596302966384785,69.52757780895108
615,2.595775074482168,69.31450731761385
616,2.599404244841919,69.34196533667608
617,2.5828256581701194,69.05303917246438
618,2.5169764761621387,68.86997900573982
619,2.56305654617471,68.93173715209579
620,2.531387848953125,68.86583857651436
621,2.6417703953158433,69.27165526710704
622,2.5958384671349335,68.96166650628075
623,2.6939442875243147,69.39616757894474
624,2.5783245721144548,68.98380693861186
625,2.5396417625522,68.78693446817374
626,2.578274587730558,68.90630322951522
627,2.527374326086591,68.82458205651669
628,2.4019885272736836,68.2736631444573
629,2.494082490333234,68.44535692539831
630,2.4481387696961816,68.18873017326787
631,2.4635563268819514,68.2583861689407
632,2.4650106587969005,68.21044990121014
633,2.4330059982511423,67.93914022100687
634,2.3916320228077135,67.84228766529353
635,2.375305029581812,67.76034744509963
636,2.371883373106929,67.93363626746995
637,2.4241072622855495,67.96652990943842
638,2.386073650205276,67.80523849430888
639,2.3601222793496763,67.87693809289784
640,2.368517775519683,67.90785813117778
641,2.3989896299380438,67.97311282045538
642,2.3114783583732326,67.51960264779308
643,2.4149892921890017,68.05786449098765
644,2.3995671736104347,67.91479177314228
645,2.437638728228749,68.15379217585308
646,2.3438127248468192,67.87473176871309
647,2.3973789301190855,68.18656431329791
648,2.4623218778517413,68.13129558610699
649,2.4470210387604614,68.15238844066333
650,2.517242336279085,68.40853765030562
651,2.3868285423578346,68.1573786900802
652,2.4088458492688303,68.33068681568109
653,2.375620541400576,68.19030842791858
654,2.406500082357932,68.43622939910213
655,2.3965959691597787,68.41633124245573
656,2.445890935352323,68.61644241705771
657,2.447973439641471,68.67404475665525
658,2.4740781104649012,68.88778815257399
659,2.5609704053239843,69.15232563864211
660,2.507071075623099,69.15007262043137
661,2.62078689747889,69.57542752564059
662,2.5525178056173647,69.47582720866835
663,2.568521470307215,69.39756422435521
664,2.6192013423324654,69.58579755928137
665,2.6253467464959512,69.81665514264087
666,2.5897469847537136,69.58458440482973
667,2.694000306403376,70.06117325085451
668,2.5376137975188033,69.61626864790985
669,2.6156334141159925,69.68570016154054
670,2.5960999479672666,69.52403877704076
671,2.5032103367224368,69.16005330779741
672,2.5221582459987366,69.1425081165641
673,2.4844861090773422,69.09558726616214
674,2.505636945688068,69.17840888059972
675,2.219864943884088,68.07399814864837
676,2.3730007842196583,68.62095188255462
677,2.4133107609562714,68.69423995796984
678,2.425215279567204,68.66138959857733
679,2.448760543650651,68.74207642000393
680,2.4568433262636686,68.77373207588855
681,2.434584147688759,68.77231630411552
682,2.4576287356436706,68.70904570873795
683,2.588996257727422,69.31802349063697
684,2.6270985598105083,69.45445118367884
685,2.6563370976334415,69.59446560035182
686,2.635041481818359,69.33599300556062
687,2.538555916183627,68.89015519194658
688,2.708776356548798,69.54981755449083
689,2.61858739437117,69.39144494861975
690,2.5713282628968517,69.42707454485458
691,2.6521744114021497,69.70805535397847
692,2.5819073341353778,69.38681521545725
693,2.6565844010582373,69.65205187542732
694,2.561071480142462,69.33086559879811
695,2.5526410691176915,69.1938428983693
696,2.452906123503499,68.75421028095691
697,2.4899911173492164,68.9796424167911
698,2.5062226705821735,69.00558038098055
699,2.438739165596042,68.80810558566229
700,2.46352094193649,68.70230910675646
701,2.4433520667860242,68.47842413085915
702,2.429318641999665,68.42328761044696
703,2.3392145649477722,67.97641057783333
704,2.3440941114478355,67.7464386661458
705,2.3220873797693766,67.75717192485384
706,2.3960568801148434,68.04630996201493
707,2.4621017827391025,68.21981319207205
708,2.475349398781918,68.32111554060185
709,2.511168148796563,68.39105492399554
710,2.6077339214269415,68.82970266322589
711,2.5999631712022966,68.89055291861864
712,2.6155151368727734,68.9353385827269
713,2.581222532745783,69.00515139444374
714,2.6152851665781274,68.99047926077893
715,2.564248558030222,68.84333430598818
716,2.550066859960423,68.69283124864454
717,2.515297733069572,68.56670496069142
718,2.5228714724951393,68.66895549864898
719,2.5002887558444375,68.6423293431899
720,2.460213071922843,68.60260479286754
721,2.4732414891227794,68.59510365225626
722,2.4314139906651913,68.34671545992013
723,2.4014554908757235,68.34308250761866
724,2.3583649587382025,67.99448013663653
725,2.4440050258568182,68.14292683419875
726,2.4539028259628988,68.13997024843185
727,2.3186012443276818,67.22979655350468
728,2.4680253012823004,68.34139111051662
729,2.363549060362385,67.92761994734538
730,2.4104941997526486,67.95891872748896
731,2.313749935348407,67.22096966348501
732,2.355197213562237,67.72710365854182
733,2.369898212091741,67.9671041067589
734,2.428719793816624,68.1183103340298
735,2.4640373920719587,68.39236540009678
736,2.4290968591260667,68.33062355637419
737,2.52044374850756,68.74402602070023
738,2.4879326376752235,68.67368029979457
739,2.5367613471200463,68.90405179854953
740,2.5570742078655573,69.02220765089449
741,2.596296997601952,69.13239787379801
742,2.6684079391392928,69.50414496219499
743,2.51769473262304,69.08230584235017
744,2.538502066087725,69.14319929896608
745,2.5279961551453947,69.23615855516657
746,2.5948415694655416,69.52830771170197
747,2.5102198505872058,69.43443367186805
748,2.5024484967809455,69.41655815370349
749,2.4566790696111287,69.4878969927305
750,2.423850312530863,69.47334926036294
751,2.4683474807560697,69.87308133709121
752,2.4990801154162368,70.13660919475699
753,2.5015204621918987,70.51594864452927
754,2.513410950182955,70.92774904873538
755,2.484778858817069,70.94985874397639
756,2.7443608826311383,72.34678507152779
757,2.7673148141424684,72.50554639203675
758,2.777192000556261,72.95975989647731
759,2.870288758414663,73.84731629186892
760,2.9967782623199453,74.38391421130646
761,3.0106912424536065,74.86474688492058
762,3.0609796771710953,75.44057047544852
763,3.121530891052234,75.82545891721135
764,3.216130305978602,76.49913591503815
765,3.3824114320976464,77.33512931443734
766,3.1607305164193833,77.03469586307568
767,3.41639160234126,78.01930348950515
768,3.0127401289197473,77.108101635623
769,3.191559659271037,77.87233414355926
770,3.2887874607259033,78.5778497562733
771,3.0770874069606715,77.86754509513483
772,3.0359374546249853,77.79586112601741
773,3.1708252957811056,78.59200108314562
774,3.3848627836759864,79.44372426953996
775,3.549514224910256,80.30211437279827
776,3.46791749768037,80.23750998086669
777,3.445584720837085,80.35054554688224
778,3.468334712579581,80.52121107557329
779,3.455878911515883,80.52995447410227
780,3.534229863887605,81.17791794321532
781,3.184929015767181,80.00404250485425
782,3.2047911249897894,80.2704905710706
783,3.5856521171619318,81.41900396396615
784,3.6236085464795944,81.94580679027192
785,3.643453615638841,82.10448635049002
786,3.5601987286153647,81.97885730903646
787,3.552997120459248,82.18079915318627
788,3.648258962496831,82.54290119404341
789,3.284689999478084,81.36278355070165
790,3.250232992849731,81.25831578917486
791,3.3045597156614708,81.62195993572205
792,3.32418568801366,81.55371651167484
793,3.3573083120947524,81.81887726167287
794,3.262440304844953,82.51934750298533
795,3.378160869077277,82.27387432570272
796,3.4288350221514583,83.03075571551729
797,3.3254708606370813,82.61336118540663
798,3.440958727422249,83.07205700420539
799,3.729710493314909,84.21955215366947
800,3.4158978447981116,83.13302075598685
801,3.4373666068586024,83.35397281194784
802,3.4865458369431397,83.74239559311343
803,3.507365698991741,83.88014852526018
804,3.4733552190159114,83.98889078061576
805,3.5237355419682355,84.25598780696993
806,3.4730938750973874,84.55624998738557
807,3.4945264297665934,84.57224648713519
808,3.953364081904256,85.55159812139767
809,3.5255661802245872,84.77159761263069
810,3.5156981507023666,84.33638725622583
811,3.5720496921729588,85.00408852245504
812,3.5682085407297626,84.68462245071743
813,3.5729922870836193,85.14018688227036
814,3.544671643496531,84.67713053557064
815,4.004087744059704,86.76753552039685
816,3.5072555925388507,84.88788441912325
817,4.016736803005363,86.69326703685
818,3.6143516359626138,85.4583733778898
819,4.064715451099982,87.15501116543693
820,4.050406817426516,86.74495457467387
821,3.989103444247178,86.48299993959212
822,3.5833955471318513,85.17410380451625
823,3.610837457071264,85.69069413369961
824,3.6396610527902706,85.73743406207176
825,3.636632750349911,85.71866123297957
826,3.4971139731705856,85.14057259615691
827,3.5359993322061762,85.66150960078421
828,3.475202476365911,85.40225222868011
829,3.576834201690691,85.82762900003132
830,3.835636518467033,86.6145954481194
831,3.640870727224089,86.1764761126867
832,3.4969898925588687,85.49939177555827
833,3.6160749460587547,85.986163231406
834,3.5804253288112577,85.8351482423448
835,3.586028887470135,85.89721447219064
836,3.5691002523276683,85.69470825473418
837,3.9436443533767633,87.38381331366735
838,3.6061868289411687,85.90822020295765
839,3.5713033178975455,85.83344416609975
840,3.6256250494856648,86.47219639210547
841,3.601387355498851,86.26363151111698
842,3.5551283159171665,86.12394549142768
843,3.7154313235405323,87.02570047799915
844,3.627875412551113,86.5471342364188
845,4.006513918474773,87.62323290110287
846,3.6120250838150962,86.2721382248247
847,3.5528147469970026,86.26550934953599
848,3.518693037350969,85.900733953837
849,3.6475423822583797,86.70330882124671
850,4.1290835784420326,88.24708850777931
851,3.5893767589995003,86.15844404752102
852,3.5924410268565845,86.43748188417412
853,4.003518709403722,87.69847470854403
854,3.7092761443193356,86.94830116164351
855,3.6344779855922646,86.3674563193993
856,4.070002836216758,88.08392598004346
857,3.708290156268652,87.23552415902081
858,3.6477348954381275,86.65777007099925
859,3.6398346594922697,86.65198547954475
860,4.083284280730951,88.17145401783522
861,4.091915831247175,88.22418260879763
862,4.1335136984800265,88.32646588253344
863,3.6518542167194106,86.91245230816644
864,4.0953555814383575,88.30022027767151
865,3.694173993418723,87.04001186644643
866,3.658367363234065,86.79746610784507
867,4.114293173389092,88.48640333796314
868,3.57893578490401,86.42555513611302
869,3.6404439229841565,86.95999166077122
870,3.6811698923580387,86.98400434223304
871,3.60449810628017,86.82603804585128
872,3.564895422345584,86.72563613086352
873,3.624428794751071,86.77989559547574
874,4.097779352490136,88.5767892918834
875,4.1364297219143245,89.0466998653923
876,4.091143116044381,88.75379218606729
877,3.6028532780537623,86.76602687063274
878,4.047953905793609,88.58522164676596
879,4.149856672330286,88.82116125425395
880,4.1603540741939735,88.83947817100669
881,3.6528366967125585,86.890616903844
882,4.125080613041404,88.63859595827856
883,4.108232660816791,88.51567657039575
884,4.045463801464231,88.68679611479314
885,4.072978693286845,88.33827426968722
886,4.104068375508494,88.62145879206695
887,4.1034323097911996,88.65142997355176
888,4.091738300697201,88.39687101804957
889,4.139882049667995,88.76223053953906
890,4.1324200955562,88.39740992284004
891,4.11299290226223,88.50019410607972
892,4.196847262740721,88.96434517894404
893,4.008189270310385,87.9636911562733
894,4.110183066877745,88.52728585663152
895,4.127083512544945,88.58823148622038
896,4.062982950340796,88.14790573830231
897,4.166866044440929,88.71794131498989
898,4.1154958871871425,88.62638354393482
899,4.16009406559697,88.97308504260185
900,4.077041372151436,88.37467220823095
901,4.1242288486795164,88.46492698134035
902,4.1448411444731965,89.14928417329448
903,4.152801497924411,88.51200301597773
904,4.163413687300105,88.64788246232295
905,4.15806831194723,89.32212075622216
906,4.231590843004808,89.2541552247756
907,4.1659097013330175,89.30942976243712
908,4.164621890871584,89.03111982274005
909,4.1473237855564244,88.79459685776678
910,4.103434211473915,88.48672213968825
911,4.100685958967791,88.4505867713953
912,3.7034768140687855,87.28284737894192
913,3.816740778836639,88.25505593147737
914,3.67846110535326,87.508624234121
915,3.7008706467915986,88.16028918299625
916,3.654143886837691,87.50135602226104
917,4.160671577147472,89.11778895712962
918,3.6906826515657496,87.00969491102654
919,4.287128681341415,90.17979916285208
920,3.747286256217504,87.47266787534905
921,3.6333079949490927,86.98287177807666
922,4.1759063796034805,89.02867922310188
923,3.6460569171224226,86.93285392842553
924,3.720552152578239,87.73885031634708
925,4.095038620586211,88.69622407039432
926,3.7502544025531037,88.00475331499108
927,4.299110068850792,88.97421952184688
928,3.7884734057475367,88.20706917509449
929,4.051442530145542,88.29203545125776
930,4.063786695548035,88.37823743199968
931,3.7341122443814747,87.8551960415049
932,3.6774288725340676,87.69786509854981
933,3.7536219329318286,87.82352806501444
934,3.763572007895366,87.56250046122179
935,3.544050906003207,85.99506243071033
936,4.093320202891948,88.93510412333762
937,3.9849133181786933,87.21501277073152
938,3.634330760729942,86.70806256523207
939,3.6878830237976103,86.87664277861289
940,4.162958803760731,88.50880358959648
941,3.914860349140916,86.50804582811624
942,3.8747911979362986,86.40584842730108
943,3.9493800047232273,86.5130967008177
944,3.921320154116138,86.24412778027218
945,3.451057272420481,84.51911154762882
946,3.4455767821683345,84.41335418540342
947,3.4650315286988826,84.34156678484443
948,3.5275550314440176,84.8847998071415
949,3.508374544702739,84.87224714629684
950,3.863270828851467,86.24532965263005
951,3.415817731683236,84.23532600616853
952,3.4106817245613894,83.92196320858257
953,3.7691983314122024,85.41072447747213
954,3.8129118132079314,85.45432670448665
955,3.743714964774443,85.048847743944
956,3.7699063407654307,85.08631833179834
957,3.722094645554087,84.82122015563132
958,3.3480728732367617,83.54690655963385
959,3.3641214894622316,83.72368931059427
960,3.7351339213717814,84.919370178232
961,3.661561286335961,84.21435974852797
962,3.646469007181583,84.45584761078632
963,3.3281628081356174,83.26877835035371
964,3.6404404931138696,84.19226715896919
965,3.251711280581193,82.58268513430706
966,3.328504623464345,82.83607146136966
967,3.567588777956083,83.59729652661724
968,3.448423294493615,83.07056629807806
969,3.5105657639306433,82.84952068422335
970,3.4249821872343493,82.93255745287607
971,3.5456524078105427,82.85609791680136
972,3.2051382235867125,81.5638744574365
973,3.139132279933017,81.7226464161066
974,3.516207329566228,82.7090955140782
975,3.493749660937764,82.93751686573164
976,3.489013513506356,82.22058576450712
977,3.6000477561633324,82.99067869271356
978,3.4738609910120157,82.47151702467984
979,3.573018204176674,82.7551956333559
980,3.561781966865626,82.53983216020794
981,3.4867142878665884,82.18133127364602
982,3.537489969970452,82.53948035492252
983,3.487936064397131,82.11390528757795
984,3.5761856740785096,82.69699115889324
985,3.5484484194446386,82.4251656152896
986,3.52939038501486,82.0037941782697
987,3.1431714681849883,80.38617144213829
988,3.4198165766433664,81.54304691231164
989,3.272985854852003,80.73164677818858
990,3.5041672098865946,81.58471763642541
991,3.4918877178005756,81.59863523132104
992,3.085396613956141,79.71484596098779
993,3.3658003683919078,80.83294003407485
994,3.379761268471738,81.08493109961728
995,3.264704201117531,80.27668661009646
996,3.325184552677692,80.52419342193772
997,3.1126389030833557,79.97425034666531
998,3.115293913436052,79.68438677765873
999,2.6577619410096434,72.65406409818536
1000,2.6385779999356354,72.77817431333294
1001,2.6852959079448446,72.78351271420946
1002,2.6759340809857974,72.82600506778479
1003,2.703697618332102,72.90240297972926
1004,2.6631182701497838,72.75579718635443
1005,2.6961551030394473,72.99425336122447
1006,2.673117913851344,72.96295927146423
1007,2.715478236147282,73.0259707153833
1008,2.680615438718563,72.95065907312811
1009,2.6742658527675705,72.9476953641393
1010,2.721017588915029,73.20818314633829
1011,2.6735416076840735,72.99453254126516
1012,2.7082907755777157,73.15053429088039
1013,2.700935867624216,73.06403257202375
1014,2.769769781874822,73.43551974324231
1015,2.767526694533462,73.32027434961333
1016,2.7077671266221146,73.30826646600934
1017,2.711729415549691,73.25525174083279
1018,2.804051672780962,73.48197981936288
1019,2.6967104308583467,73.24973246363797
1020,2.7927572649517542,73.53880144741768
1021,2.785779625061671,73.61622996290299
1022,2.7523244875051978,73.54801872933365
1023,2.694222411269462,73.38730997819695
1024,2.8535168131648048,73.93347430691679
1025,2.7815451490971936,73.77666697800466
1026,2.80105260320731,73.81011923517815
1027,2.799899739696552,73.95021076012928
1028,2.7759281720092526,73.81954160214211
1029,2.749067463950356,73.82517675878522
1030,2.7557858274938276,73.97250183020331
1031,2.8033150038867394,74.06182214740777
1032,2.7747098983634544,74.00760621627158
1033,2.8102358190009995,74.15588553945919
1034,2.7665354972942033,73.92436833986777
1035,2.8179942931820863,74.05050524196014
1036,2.7893798117255035,73.96468415825407
1037,2.8007617723788703,73.75782562251531
1038,2.7696067386630143,73.87093025864974
1039,2.817010629716376,73.97923851266523
1040,2.7902576394416845,73.78585328924129
1041,2.7765510891869374,73.74038416778295
1042,2.77369006369243,73.6577802776847
1043,2.782906725501696,73.73416225496139
1044,2.7365011132363364,73.46358496787127
1045,2.7076913922416965,73.36987183996102
1046,2.740448584104333,73.21004964093775
1047,2.775641045086656,73.35591980547271
1048,2.6603826979703253,72.56719261454838
1049,2.6685118858971375,72.84570389012528
1050,2.635322607910038,72.7033423849047
1051,2.666442889386778,72.83509096193471
1052,2.703487183480627,72.76508098225288
1053,2.7076567430089304,72.58457069661262
1054,2.670442556684038,72.48758935645075
1055,2.6320096122205103,72.35153300943388
1056,2.6844465104983124,72.32255395107133
1057,2.7263333614593304,72.52381459352223
1058,2.5737513503502063,71.47766195996441
1059,2.6007291740085434,71.95748220049039
1060,2.61781561351244,71.89873607818011
1061,2.644750359971721,72.014110635831
1062,2.5569936565684466,71.52005444175576
1063,2.593155418908554,71.75661942373202
1064,2.644831949065779,71.80779460154919
1065,2.536849899690092,70.9293027438251
1066,2.5756574644436583,71.61647423758463
1067,2.612901935456411,71.58918880835873
1068,2.6460569736164192,71.67405637789578
1069,2.6403139217131613,71.56804848750538
1070,2.5962647810362,71.43009113440819
1071,2.4926065022214754,70.87061537896389
1072,2.655409331068043,71.46508827940566
1073,2.501958457177826,70.95718131557994
1074,2.519104578019033,70.94069897179007
1075,2.548650684522729,70.97915607793817
1076,2.5575200223881254,71.05430895308305
1077,2.5219860627711483,70.79433760124782
1078,2.4513879337189186,70.3902801208457
1079,2.42407517815258,70.38813670615339
1080,2.486391693412032,70.49700327811212
1081,2.603035184079634,70.92789766773595
1082,2.4984305410259084,70.52777557167884
1083,2.5725229577506936,70.60554184728848
1084,2.444704421536283,70.1849067192386
1085,2.5545882876444344,70.50285596654228
1086,2.604597293908754,70.60779017906546
1087,2.5170998841992382,70.0874037010356
1088,2.649037292487047,70.68144959377695
1089,2.543331310768957,70.32337062438305
1090,2.4435945653553524,69.87889469146013
1091,2.4650349564928953,69.9989897435545
1092,2.629292644690363,70.55986696159245
1093,2.617325000024551,70.4738955200677
1094,2.5336269100561952,69.9977363430789
1095,2.5316382679505063,70.10115064676465
1096,2.479885956595896,69.84298637884866
1097,2.475418804027492,69.75990022859907
1098,2.5762717796738963,70.12282418845965
1099,2.556187813526422,70.03298730953512
1100,2.4559428570341866,69.70342715433877
1101,2.5032911953912076,69.68638239600375
1102,2.5552574645747455,69.92736441226987
1103,2.5047286444873973,69.77379785560044
1104,2.5169948883982567,69.69615016228008
1105,2.5720361741816733,69.86565771300667
1106,2.51875873847814,69.60065201071599
1107,2.5228661155012433,69.56204816268203
1108,2.472808603846363,69.32453517536517
1109,2.4530481881875144,69.36767793164267
1110,2.438239299904888,69.18771291665934
1111,2.491516874255876,69.30069871990253
1112,2.4079559312834693,69.37133362678082
1113,2.475456240218976,69.41064287532384
1114,2.4845037435873176,69.23909262420759
1115,2.4382897966351083,69.26793203647092
1116,2.405381177655976,69.23075658804383
1117,2.438441659227849,69.11226404176553
1118,2.401064697930511,68.96780273588566
1119,2.5446619508641133,69.2191242713201
1120,2.5280834918477626,68.98854334219548
1121,2.4932917130016934,69.12788613348332
1122,2.4045945121886403,68.79466351099892
1123,2.5766285085159666,69.28409318905032
1124,2.5014982551467013,69.0614979942176
1125,2.502271313318736,68.97090298242453
1126,2.505417031543849,69.111364399666
1127,2.5029246946014196,68.99886436852532
1128,2.525965119784612,68.91616466016949
1129,2.462750714166632,68.61943810370691
1130,2.5141422957675768,68.8399100021346
1131,2.443445353362863,68.56043581578204
1132,2.355954063053783,68.14325325336905
1133,2.3491886255291385,68.16252733322276
1134,2.5134788177360505,68.63174820842758
1135,2.436483736982576,68.36020527925328
1136,2.308337662377533,68.19567242454579
1137,2.572318174011444,68.90200108669285
1138,2.312246976293753,68.19131126539769
1139,2.3842260833945725,68.15819378468133
1140,2.45456017765085,68.65541367026809
1141,2.436517699614894,68.48891024040942
1142,2.4709782853865754,68.57511851528149
1143,2.3145260991366223,67.94340342107921
1144,2.3191365843011695,67.87117420806662
1145,2.334231775958709,67.98276357739255
1146,2.3834581894017637,68.01766450772082
1147,2.304942965876277,67.8277886057799
1148,2.431690023658015,68.29041385151982
1149,2.413151474002767,68.25336247817663
1150,2.269009737916568,67.59877654092728
1151,2.3823445227678643,68.06539766562302
1152,2.488886454311497,68.26002696925539
1153,2.390451655385377,68.19594793246156
1154,2.3687238033066054,68.04898752909187
1155,2.424657519126585,67.91780862318443
1156,2.5184957225916853,68.26212041145058
1157,2.481765822587945,67.98116704032695
1158,2.4941566538185858,68.03660476716583
1159,2.3754073473603583,68.05695578068452
1160,2.3377396641734953,67.99105091921103
1161,2.3558116832288505,67.78259345986648
1162,2.3755139900824656,67.96812305809449
1163,2.4027443387957135,67.73145856041828
1164,2.3533144965896513,67.71939826905782
1165,2.348364681993938,67.70133797925536
1166,2.387550369063131,67.77316835191436
1167,2.5355961258948385,68.09107502082574
1168,2.349681713102036,67.62536836021914
1169,2.4305439696927538,67.65020471150054
1170,2.3072321606784407,67.28108393070656
1171,2.4106043310381016,67.74854217807433
1172,2.442670477585944,67.67606489821384
1173,2.375641846128152,67.5592622747747
1174,2.3845986547138205,67.63704964613066
1175,2.4554561843660667,67.85791806207817
1176,2.3967789788184355,67.43825331512676
1177,2.409997303926301,67.44448408421822
1178,2.3923687947491676,67.44898709503367
1179,2.3571629429996457,67.1691884903627
1180,2.420997272950365,67.3064180741504
1181,2.360889922412326,67.10046781186624
1182,2.3057926340417985,67.05041771249414
1183,2.342599109120361,67.0560468870668
1184,2.3754182675273956,67.02649580147691
1185,2.3702816149370016,67.10062599917708
1186,2.3766155333750842,66.9431996710006
1187,2.3606769916197825,66.94857857270792
1188,2.3016473311635663,66.6314998255309
1189,2.3133142937163713,66.82916728394132
1190,2.379516747188428,66.68747696403335
1191,2.32846370322888,66.49456871433745
1192,2.3106807044652857,66.53594390723916
1193,2.2150860888611907,66.35613374866162
1194,2.4147563933316514,66.79037932867612
1195,2.29340868642637,66.41627669816842
1196,2.2636837131111793,66.53366008682009
1197,2.4285980050652864,66.83639368453117
1198,2.2685456072896204,66.31582248495
1199,2.3528510753093097,66.36791444582236
1200,2.2455225772498446,66.46548929991532
1201,2.258781469861474,66.41088453656374
1202,2.3074811406253093,66.56145070178951
1203,2.3389608379628464,66.75488246006866
1204,2.119316731148755,65.71126360256362
1205,2.2879878697791964,66.1375725676186
1206,2.2269907993612486,65.90874283595392
1207,2.2455047559309422,65.9254216700029
1208,2.3114234983668647,66.07260203523701
1209,2.219860654530151,65.89394730051134
1210,2.178159944621718,65.6498463750065
1211,2.187596217712798,65.74228737637775
1212,2.1407533317059504,65.76978375042421
1213,2.111467169794066,65.84286230254872
1214,2.2994899372065345,66.02970648486013
1215,2.1715737649847573,65.91418462133778
1216,2.2856609339015415,66.16506805493773
1217,2.166144794727549,65.9356762207255
1218,2.155236397495205,66.01684154429326
1219,2.2486579239370994,66.13737373228908
1220,2.086836204500654,65.82072427251758
1221,2.252516873625645,66.2576715922156
1222,2.2913429040342344,66.44550372204013
1223,2.316190702281551,66.63103402636769
1224,2.244605718246362,66.36270287142835
1225,2.1134738545542295,66.2255215760619
1226,2.1988101863502285,66.68462310046723
1227,2.1311449491365004,66.4659419609642
1228,2.1332187423156848,66.49939884431411
1229,2.2720276791591236,66.84295439322601
1230,2.157759828197305,66.69442104260663
1231,2.241137978449467,67.02057813636749
1232,2.299943137190028,67.34184686283568
1233,2.266089258466476,67.29914675076711
1234,2.292317636442731,67.44678454976997
1235,2.3696162100144464,67.78266764020452
1236,2.3894645315943093,67.97585584742505
1237,2.606249019979156,68.49348661811857
1238,2.4906327968671045,68.41514876397562
1239,2.561385977700138,68.58685675121369
1240,2.555807107104712,68.6753121287216
1241,2.6289516279113925,69.01666481613704
1242,2.6053592483046213,68.65340819868027
1243,2.5480151781584883,68.55726224614462
1244,2.5971774365617883,68.69647265211762
1245,2.6428665448554542,68.96677267333699
1246,2.752810339551275,69.19331818323394
1247,2.78701180800896,69.06491832657673
