,slope,intercept
0,0.9972428590984532,23.15121469112726
1,0.9952059639307582,22.84781935650723
2,0.9529074107427021,24.28759493618709
3,0.9727674417706305,24.302869965944662
4,0.9443702518686105,23.920525580440987
5,0.9689231846569116,23.897477880191694
6,0.9429487339332205,23.73882246149638
7,0.9757429758481381,23.800730605212934
8,0.9713834532379244,23.641185186559934
9,0.9933830259525481,23.795010601759348
10,1.0051871848413236,23.793760207723157
11,0.9523664063491414,23.665148261937173
12,1.0118748324688374,25.211802473723523
13,1.0261119435171746,25.301912543174836
14,1.0199082992100323,25.42143450600377
15,1.054702442254395,25.579109563261138
16,1.08070512355078,25.906409937224765
17,0.9903480174494603,25.683446613856816
18,0.987768018859698,25.68353479565215
19,0.9718903040291778,25.82615632080876
20,0.9729348827769521,25.692052888798088
21,0.9811120143359797,25.842255037231062
22,0.9410914182151991,25.71416457744839
23,1.0177046542770969,26.132753868369498
24,0.9375926687043084,25.933149322940324
25,0.92776570047117,25.96153367654267
26,0.9444616127277861,26.29676277245153
27,0.9509515590215473,26.609676611813242
28,0.9769756554387531,26.956103950098438
29,1.1116006841554764,27.785595294657636
30,1.1277024900285133,28.1663423834976
31,1.1651817918348522,28.760953560993716
32,1.2013539079116442,29.315299008011312
33,1.1479789845363497,29.607669904383485
34,1.2932452921686457,30.435159166024608
35,1.3706068543103191,31.206896217560203
36,1.3093849048702768,31.46303945350375
37,1.3516375868666737,32.06916706061848
38,1.4005899731017326,32.71312103078401
39,1.408343416092709,33.217981429007025
40,1.4049309750341084,33.63527448389668
41,1.3844402187888747,33.98883416435935
42,1.4578468423736985,34.742324096113805
43,1.498975431778036,35.31494263783441
44,1.512270948596699,35.73274986536579
45,1.3845695448355417,35.80009373910623
46,1.6366997014005193,37.04127198163944
47,1.7700337856050574,37.97487060791406
48,1.806833312715944,38.336794139733975
49,1.7961358143699786,38.73967992628433
50,1.8354879519105758,39.24272518992492
51,1.7264647711434902,39.2954431723376
52,1.7679525524371613,39.82628466526691
53,1.7655694965007531,40.22982310826626
54,1.8083748115761078,40.76236881370402
55,1.8336397245991825,41.23030598379953
56,1.8343791775317768,41.65462942598108
57,1.7389893429141052,41.65631282717118
58,1.7596064002497012,42.014180567558896
59,1.9300956824225037,42.959728921536176
60,1.711741465392252,42.59898752304935
61,1.7310875930791672,43.05859200036382
62,1.7556155426985904,43.607074270669635
63,1.7749300345417331,44.01276717459059
64,1.751231766163998,44.25876070012177
65,1.7799100869311355,44.73837369875069
66,2.1122271527404717,46.18510351251317
67,2.1189754507029677,46.47211668838186
68,2.1983533613300694,47.257523840958854
69,2.191496677455915,47.765348646147274
70,2.261546783049326,48.48625997060359
71,2.3245008128518267,49.30593556286056
72,2.3214730562725188,49.803525133819484
73,2.4148859691449607,50.75443702951424
74,2.41817731264218,51.30028473736305
75,2.419303223497077,51.92187105243411
76,2.3897559519096414,52.61528585113434
77,2.471493573688486,53.31209521985539
78,2.540976522443858,54.10007329415716
79,2.60664295765822,55.024630017971866
80,2.604831798894838,55.67384141564262
81,2.7234770265202166,56.68986534073062
82,2.6263874849797024,57.093421633272584
83,2.7775160024419985,58.15344577074253
84,2.7565764279610674,58.69064979204655
85,2.817919838642116,59.40422291194087
86,2.7695797002680553,59.978804668729744
87,2.784881675626681,60.49930261549892
88,2.900379000852084,61.395647202322884
89,2.9041145897287084,61.94379447085738
90,3.0309832298670636,62.6573455360609
91,2.9426348392925927,63.07191008832664
92,3.3814530442048962,64.989911268058
93,3.386295134837697,65.42966505999445
94,2.9563138186877715,64.61036855666529
95,3.0640264820706666,65.47384458819306
96,3.5047113576704536,67.39384635144918
97,3.121236337191222,66.53642752849333
98,3.0952209973817015,66.86557459599368
99,3.2090282424536363,67.71734329693453
100,3.1426297213904517,67.98071559239077
101,3.114680183153245,68.51979030978033
102,3.6293640672002545,70.54849333486013
103,3.2871139079978593,69.97139210832356
104,4.010899173718906,72.55316464127377
105,3.9925177994042396,72.90119412188645
106,3.9526592841980706,73.40181367733693
107,3.937154767287687,73.7112640067489
108,3.8662909592281802,73.99063594880518
109,3.964287145895092,74.74337747180104
110,3.357603099610631,73.19223493495113
111,4.061335052320599,75.89619596981309
112,4.043365880131347,76.3314354084723
113,4.119229195176894,76.8793494940384
114,4.1472084577359665,77.4438628743552
115,4.180811325665709,78.00650546671092
116,4.122287698680146,78.13544010364548
117,3.6803839057385868,76.9229107770164
118,3.7513467759104033,77.40256796473507
119,3.808470542038994,78.01892135957685
120,3.8167242316159764,78.2904299627837
121,3.8123861906795393,78.66356712485059
122,3.9066501873126755,79.20948573819418
123,4.039535526235502,80.06606631689394
124,4.005398758689722,80.12477600044272
125,3.8983877790260304,80.20487119004
126,4.025031393936473,80.88648291360822
127,4.009957708807022,80.86851517703667
128,4.110122175897832,81.47680776331518
129,3.9376322871450244,81.18545178516237
130,4.071529123862103,81.99386567024658
131,4.1163923634091075,82.22762778385805
132,4.2256381269322665,82.55126471021684
133,4.283353857270552,82.7792541817088
134,4.232246132873681,82.9746545146805
135,4.240970201028652,83.74506009089174
136,4.0863850223425535,82.8659987919957
137,4.103959480436301,83.00100068365218
138,4.245059127474788,83.37772855314996
139,4.364185167431331,83.93824893295874
140,4.3017752846064745,84.01361674313341
141,4.350052501444491,84.72644221159784
142,4.209155473337329,84.2371112131824
143,4.3283277655849215,84.24725387649514
144,4.220366690117588,84.16983108586905
145,4.476238192510136,85.98068628355338
146,4.388428063430698,85.46929914546355
147,4.357737511141877,85.87763714418908
148,4.182878770933001,85.10571969686448
149,4.2365794178880805,85.34046496258543
150,4.294346375158047,85.42326589208962
151,4.278392635511809,85.69498175487519
152,4.362887182426907,86.1583363121407
153,4.294139140352322,85.60700328659819
154,4.293445215627833,85.97909948280608
155,4.189455941563557,85.68450292823684
156,4.180541945928697,86.01409370198914
157,4.114643770927828,86.09031737943043
158,3.9940425920139107,85.8450836906748
159,4.2337687943449485,86.73947229776104
160,4.188768344091249,86.9217661973288
161,4.219645437125514,86.9954064736297
162,4.331629004040055,87.48416490519948
163,4.368201459069608,88.14421043823418
164,4.316772623050206,87.88811067195321
165,4.3821327129576835,88.11187565382806
166,4.218822825149161,87.89821871996482
167,4.4262536190108275,88.94539515612847
168,4.361589887276587,88.66289577980416
169,4.353487763638161,88.7303273810588
170,4.363405540873475,89.14112076294703
171,4.362088976302298,89.16435692769767
172,4.299854701070906,89.08701956386385
173,4.14101962702781,89.09849677973695
174,4.498325136128958,90.08387135252124
175,4.5141504669462895,90.3898650409041
176,4.522221410647849,90.3292803341594
177,4.561921833141868,90.82174708196364
178,4.510841990165651,90.76232551904911
179,4.425127923636609,90.57316508106764
180,4.444882895548133,90.06400546546982
181,4.498147630746422,90.545571437388
182,4.878317644283382,91.91279376289995
183,4.111926316548673,89.36911905801558
184,4.398874385421254,90.38973682626131
185,4.398171882586532,89.99573664203274
186,4.411304374068975,90.21567057479871
187,4.238067958970862,89.73160730715195
188,4.4278259844684165,89.90894026383714
189,4.4916235843766925,90.23473705725937
190,4.36140854765217,90.04173359769811
191,4.464091204587834,90.06507733765895
192,4.288697659045865,89.74319064947822
193,4.2154802866229275,89.58955716864442
194,4.199450354416707,89.46325043078178
195,4.356657248801197,89.87782591191699
196,4.265574200373446,89.32952803842878
197,4.248543246384418,89.18761243300614
198,4.332841721612667,89.83834897742706
199,4.677149412164146,90.93815933103
200,4.367469772128647,89.70317537062739
201,4.2640310765863525,89.41043953171219
202,4.301433912636617,89.57933284410753
203,4.281020329244919,89.53352799847414
204,4.601376808099953,90.51868890421655
205,4.500948302436871,90.27160288231491
206,4.385461744526206,89.8519630143237
207,4.529079664621926,90.46679054366719
208,4.620765017486,90.65277648995466
209,4.3461149004875255,89.94379214451133
210,4.343431309393437,89.68021417124581
211,4.297204141677614,89.4530770586912
212,4.311686263349032,89.66469973350662
213,4.493491748309333,90.08894845165547
214,4.407612815605239,89.90661220826351
215,4.490622347570747,90.05643228911656
216,4.426754285548552,89.82726640899564
217,4.309091047653538,89.38060167583438
218,4.480836302106082,89.88984789431726
219,4.444256415872631,89.60565989521606
220,4.194638448328475,88.8934230006963
221,4.20505535747962,88.83192490195485
222,4.215689428738809,88.62447209416364
223,4.210530055827229,88.67194206840539
224,4.154607961785376,88.2807955067229
225,4.458914562805708,89.10366332549962
226,4.414113198521016,89.03449030488707
227,4.313426672591993,88.49613353664697
228,4.170477479300592,88.37540417595157
229,4.187199237636748,88.07462089720245
230,4.306847799680589,88.52004780695519
231,4.3510573245899575,88.52058759886722
232,4.234911391187224,88.04199399616805
233,4.139160633626386,87.74449735218903
234,4.239091361832658,87.87538197277932
235,4.317281126261202,88.07791884963504
236,4.183852855559043,87.56962229573801
237,4.254323210210579,87.8804817033619
238,3.8117772879223852,86.51392061830943
239,4.257933970163619,87.68848139283402
240,4.237157046633902,87.52621004947092
241,4.192716362565581,87.24168930925109
242,4.12816828834644,87.07003016905578
243,3.996636603199112,86.34589569365939
244,4.215767308422043,87.04299353890063
245,4.123348335910467,86.57157348419258
246,4.154247427731578,86.43270566560267
247,4.180968539339501,86.45652738857349
248,4.210263664930671,86.61994418849928
249,4.100886769939013,86.38975832516991
250,4.126759976654506,86.2439944458086
251,4.198182106068268,86.3839359528999
252,4.131769440592424,86.05790189647124
253,4.120530393524005,85.96231404094583
254,4.139532338902257,85.8687807646159
255,4.142127875643814,85.8228616273972
256,4.184469479878934,85.80494659085376
257,4.1172826936154,85.53772288548227
258,4.028195297359874,85.3341870399362
259,3.9605041066442928,84.90287283788135
260,4.06440556905224,85.16932653889882
261,4.051082216475319,85.09226534258907
262,4.1007565234039225,85.13706873022468
263,4.080332556573622,84.97777504252076
264,4.056446003473034,84.71136031529602
265,3.771917437265696,84.15840221921877
266,3.9919528596423,84.47756101067829
267,3.963056283106438,84.3750161652925
268,3.976647812839914,84.36525047646032
269,3.9946407937094324,84.45314040674758
270,3.9763122538409674,84.277769371109
271,3.851571755296125,83.8413432805174
272,3.9642365336206087,84.06708550590463
273,4.017047569991278,84.04531705368326
274,3.978701649652084,83.88020827451153
275,3.906460729179661,83.58920420659868
276,3.9403052945859445,83.65196662480784
277,3.9392865504003645,83.23720136943751
278,3.8804031827619623,83.20865455280777
279,3.8491853408424466,82.96549879950139
280,3.852047856516025,82.93081848721677
281,3.866304556765609,82.7754387196801
282,3.8359587826647275,82.53647487749403
283,3.9043422948107964,82.55001155158362
284,3.832112391346595,82.28840305495102
285,3.795657470732639,82.02214742742996
286,3.7717409968678783,81.83827571678908
287,3.722651261363367,81.5310440221798
288,3.748899376217734,81.44691976754457
289,3.768073621139765,81.34105922230094
290,3.713617164863597,81.11056493086431
291,3.684544470054419,80.9337490522612
292,3.7165161595271,81.03824814515171
293,3.7030290114289053,80.80663899549283
294,3.6995456850334887,80.74416873934364
295,3.705930774889777,80.71168803218457
296,3.6789634543602188,80.51067514474944
297,3.692604275455355,80.34512389362726
298,3.6158778319338176,80.22499887604738
299,3.6261157405364495,80.1714996406568
300,3.6320005875611714,79.87614471049677
301,3.5927072986552564,79.79819962378349
302,3.6189010672094066,79.78313632257786
303,3.5954985491109976,79.40375553186847
304,3.5449031393308306,79.43759412664485
305,3.575724488781136,79.5887448165866
306,3.4961283947342943,79.09623099913993
307,3.521497599382837,78.69764666457108
308,3.559266995023173,78.63074909740276
309,3.482750551087059,78.42582762087635
310,3.4375158381025233,78.11524683272893
311,3.481951106627182,78.03615904371793
312,3.400251492486143,77.60588093756193
313,3.361574333110698,77.5388189199923
314,3.498843791452254,77.82834485788331
315,3.3913198138714122,77.21506334006062
316,3.412249443689182,77.18451322723085
317,3.3984935794978623,77.03531332250297
318,3.4163923201917767,76.81547337687475
319,3.357102733778089,76.60143017557918
320,3.3685005790224216,76.68779959658906
321,3.325301589178298,76.45947791379983
322,3.3163977391877215,76.22188178062369
323,3.313969109579077,76.27131880411066
324,3.245263167664769,75.86693971097229
325,3.2648884986618047,75.83598562099453
326,3.2885917000621605,75.91532261290945
327,3.3130818564495272,75.80904923287471
328,3.3206416494944837,75.79631805924521
329,3.3022735834053094,75.74400712070846
330,3.2892789253728854,75.59909510319262
331,3.203790243975563,75.26982221289813
332,3.226440345123017,75.16610829531099
333,3.207129657506726,74.98819784778217
334,3.3337946732968216,75.72441029875812
335,3.247475111549304,74.87100465410761
336,3.181715475920748,74.622579582134
337,3.1787752170963692,74.73862803857749
338,3.188750665733937,74.25400506739926
339,3.221995488852445,74.35804849736074
340,3.066115922048511,73.69881390884686
341,3.111848923942702,74.15727327369412
342,3.1154409962840623,73.91729394596578
343,3.0585266066049805,73.70843413797863
344,3.1311837464606844,73.92306428569466
345,3.063391651540084,73.4870957989053
346,3.048118434410159,73.24765313842211
347,3.046996136476914,73.18785807536588
348,2.9552684029435343,72.73809265093583
349,3.0679187867756483,73.10079805545736
350,3.0035942922338292,72.77266258861246
351,2.9912471870628656,72.72518968073247
352,3.016571757767476,72.77175696606486
353,3.0479113885062676,72.81636887445417
354,3.002787445984516,72.5810981676744
355,3.018930806736885,72.45457329496884
356,3.0141060745491357,72.45382920686681
357,2.9391158418469416,72.18682317028326
358,2.956259488097741,72.12428045809115
359,2.9261525154423507,72.00938240003207
360,2.9515610769254637,72.06311252833575
361,2.965677080885595,72.11240020571009
362,2.9166533561697747,71.78111367640349
363,2.952476815308552,71.88204847170806
364,2.902283389521887,71.62900045197073
365,2.898068752956322,71.64951364857234
366,2.9709510102877825,71.88974759612515
367,2.9235517299872877,71.99769114108219
368,2.945544039034576,71.72515968642998
369,2.93433162478751,71.85264962726515
370,2.899823802370767,71.54393511841063
371,2.9198277190694433,71.57370485676192
372,2.890760415223743,71.35652028257566
373,2.8645828698882863,71.34112999142941
374,2.874298824266902,71.36643701991228
375,2.90419667758586,71.51980369817687
376,2.849923316457614,71.33620741148457
377,2.8488018107031743,71.14470154852089
378,2.879517602518651,71.2420682701851
379,2.8749972746032575,71.23925140693801
380,2.8334451404047285,70.98482512460012
381,2.8180772734095747,70.9425734151873
382,2.8105674695868714,70.7879396939579
383,2.8609174609322783,71.01863836140295
384,2.7280483568920575,70.4448898402595
385,2.7398761083599976,70.43580818990827
386,2.7530814337979312,70.41284086382883
387,2.715276129718774,70.2035589069805
388,2.6682396226119534,70.12403883502338
389,2.684114713266371,70.21717109338469
390,2.67691487443195,70.12911758408772
391,2.6473388044547037,70.11914221852395
392,2.6925046114894355,70.13101285266303
393,2.7136524465364267,70.0845006865297
394,2.6630158030107918,69.97690657576332
395,2.684148142292969,70.04269555804584
396,2.6812488423451306,69.90991751276984
397,2.4993505230802717,69.3600215405944
398,2.471038906730677,69.18976225909924
399,2.60982883826035,69.64434544900114
400,2.5701925731951443,69.57602244969948
401,2.620983579196894,69.73463275673473
402,2.5603393826106973,69.62394815723934
403,2.61027265551683,69.67560399172413
404,2.6249501898324246,69.71152260427871
405,2.613357743751466,69.74410075679684
406,2.4775307870090124,69.26765534090873
407,2.427339767623615,69.22712726626027
408,2.6346927142990664,69.89177634333247
409,2.434906040179783,69.378864639568
410,2.5256354597008266,69.45308033778932
411,2.4902574758115255,69.57560917781865
412,2.627831762448034,69.91194597386114
413,2.6748130532872625,70.07046140329375
414,2.621664754897135,69.99654045615735
415,2.6268049305924968,69.91627719251808
416,2.65276496966427,70.17458788570995
417,2.7187799840649896,70.40413630923629
418,2.771833151488293,70.65623856578077
419,2.821238713948723,70.79225494398167
420,2.8057889898810164,70.74136255337464
421,2.8076459065660804,70.8102544121912
422,2.58404397433061,70.00085394474009
423,2.686289299344105,70.09319330914613
424,2.6555557475126026,69.91874761444355
425,2.6718218961151416,69.91287912511181
426,2.4791962880178997,69.07896442834674
427,2.4493976470899144,69.05137118751078
428,2.4120015006345703,68.60781157847008
429,2.5428764548729292,68.86928718739935
430,2.5693171287830925,68.86099369792058
431,2.4332124962003006,68.22450663911519
432,2.5670252238194577,68.61892010585703
433,2.690303925293582,68.9162626093008
434,2.642593215082396,68.79913973886514
435,2.664920333989704,68.78466028346666
436,2.5109354501550243,68.38020273810143
437,2.620954249872098,68.80761132927134
438,2.487521599400929,68.16455186839639
439,2.420728863529852,67.88514217021735
440,2.3992467559366744,67.79455520853318
441,2.5094348405300164,67.93884695005008
442,2.4022196910818523,67.28476037647204
443,2.4137447164978383,67.22658292899453
444,2.3673005269387204,67.00182328216265
445,2.3675227766613105,67.07545473803607
446,2.278300949867997,66.64715878911278
447,2.3467892286022036,66.86095034495438
448,2.346418023012435,66.80390225336338
449,2.335610649697399,66.75921022090998
450,2.348116044513844,66.8905217795354
451,2.4238580730220893,67.29380094993978
452,2.5427884463925943,67.77190359551403
453,2.5458276676029983,67.77211639150029
454,2.5376924916792674,67.9732518307369
455,2.5372642161045134,68.18754966605592
456,2.553007073414909,68.3136178496049
457,2.596049836354528,68.60406470890317
458,2.561717087064131,68.68034044036511
459,2.563444931658083,68.82178280473435
460,2.477763884392056,68.63903482165215
461,2.539194562387621,69.01467994113521
462,2.5219162908414283,69.12435557347835
463,2.5943168945711643,69.42564587724586
464,2.5344022333686382,69.28934919325216
465,2.5838065290706167,69.66597897451838
466,2.615480249272192,69.96899760976399
467,2.6307426004414576,70.21411711486351
468,2.624722191589705,70.3271294063408
469,2.6856158336757763,70.77540079172235
470,2.7101294583324083,71.06918949633342
471,2.7671660645557195,71.46366592682341
472,2.8182624762952,71.9552081188821
473,2.896532846763473,72.40497785773987
474,2.8934830743455042,72.62800809015238
475,2.9089217560421394,72.91683496851519
476,2.979202321388069,73.35415459168932
477,3.03046417852621,73.73721498684617
478,2.964077547858575,73.69702124361983
479,2.9759914183085705,73.90423669701916
480,2.890228273981554,73.74145734459503
481,3.0274929071830305,74.3069901025254
482,2.9862771958359238,74.17360031239603
483,3.126604588089514,74.42064461156095
484,3.0589799713301358,74.27504958947043
485,3.121842408336055,74.20968024984552
486,3.1501742915266253,74.1793141081311
487,3.053666149905364,73.69183612469308
488,2.958078761301639,73.26693203070535
489,2.8212039450790805,72.54473719143695
490,2.7309538804593,72.01816206456166
491,2.7212885428297744,71.7156006681094
492,2.6343068192844994,71.4809794351594
493,2.626344730041178,71.21258384625921
494,2.559156324058074,70.57783477034172
495,2.5760164649132244,70.77909750457
496,2.673781619900236,71.50657605128609
497,2.84366613807204,72.24862314740419
498,2.6073139812016666,71.6584058371031
499,2.8302665515497023,72.60659184288414
500,2.7384041014597305,72.53310616189191
501,2.8836852413376266,73.19373497026402
502,2.961542146190984,73.83924832250472
503,3.226232578409922,75.08490537555768
504,2.794719855862283,73.98431673628617
505,3.1581506289380497,75.21933510508696
506,2.759528589004777,74.22422330380348
507,2.752557318694023,74.62206491476773
508,3.0627427951141595,75.63387845901914
509,3.0232701903910177,75.66892082481303
510,3.0394859922424344,75.86580593300909
511,3.042355330773374,75.9136109426474
512,2.9944468164082045,76.05595957347826
513,3.0493016472413657,76.26319133135964
514,3.074038312688627,76.92027028444022
515,3.1465632963795263,77.32244523584134
516,3.1546344903865426,77.77131161416933
517,3.3006478584814123,78.69264059351961
518,3.360723973772541,79.4116898467322
519,3.2747532883177093,79.32681472085478
520,3.415231520139641,80.28365143522768
521,3.504031676178619,80.96488838927277
522,3.5615159252848456,81.38314071255571
523,3.555345507816565,81.59908064074496
524,3.6363357377961525,82.08623007931972
525,3.579276330924671,82.22621935546233
526,3.608365627256243,82.46412842799373
527,3.598946405605877,82.61576516746042
528,3.635104266777208,83.05143520686765
529,3.6839331478197495,83.28320465326341
530,3.659725017984422,83.52621225654542
531,3.6220519266671958,83.6051287764871
532,3.7066448126841873,84.18734232774511
533,3.710760661018129,84.29392071165887
534,3.671733018527235,84.271711691307
535,3.759599122763941,84.79364089674309
536,3.7669660831811433,84.91720981829422
537,3.7865104089850528,85.26217202184301
538,3.8169753817746916,85.75028522841889
539,3.765145014114905,85.6700204813524
540,3.8267503686056212,85.97637204973718
541,3.849318869980815,86.15206156211666
542,3.849624253439141,86.45612006004535
543,3.9532196643117374,87.04275353174901
544,3.9154989686181967,86.98182648986472
545,3.9397742058956595,87.56871702152748
546,4.00040253463516,87.67162939654415
547,4.024873682370748,88.29326516596869
548,4.071259747266421,88.63271176578654
549,4.11088077782494,88.95427802502051
550,4.096575122054288,89.02029722067618
551,4.087330037796266,89.24682910834737
552,4.147440867611433,89.80286593956171
553,4.129348495708688,89.83949043137976
554,4.175327467093197,90.28423372543658
555,4.1702698419221305,90.10500827842255
556,4.221120963541603,90.61686084498723
557,4.174432911231984,90.64665007865173
558,4.178687191923835,90.31708835320367
559,4.280253151811644,91.49588769628545
560,4.154557656494442,90.56933443686712
561,4.290115966557615,91.4346778481062
562,4.366347400739755,92.06437401176773
563,4.16682145493995,90.52784861721153
564,4.135619705176903,90.63215898071641
565,4.152346784947596,90.92159141897572
566,4.267612780622559,91.54935393323191
567,4.192182681664381,91.14289818637506
568,4.175686535327115,91.31794116899037
569,4.200035651293696,91.49607526911706
570,4.119820209149026,91.13368324254967
571,4.213721422164676,91.87810553655788
572,4.133731718033259,91.77160487151134
573,4.31944168841838,92.98804121022566
574,4.336293340801475,93.15759350938517
575,4.345974437219632,93.27348162240035
576,4.332675762779921,93.58492184540475
577,4.301549301782779,93.35121980547332
578,4.306387497122742,93.59926903704124
579,4.40164134804613,94.19249735013207
580,4.368955400602835,93.93713616294745
581,4.333229927454656,94.25390885832674
582,4.365389911051652,94.3504569928131
583,4.38337612486038,94.39291445513099
584,4.395367673184155,94.49301287898949
585,4.369394092024961,94.48154131127549
586,4.407312461930325,94.94881309777641
587,4.418149217633506,94.89710496018303
588,4.313243259609517,94.02511738351015
589,4.3947963605606,95.18300138185523
590,4.399641495236509,95.05057851811266
591,4.402770852717809,95.01102493734274
592,4.481799204944365,95.74367639928657
593,4.397965575122042,95.1965625990715
594,4.406407065143811,95.02962130046647
595,4.4185423027772615,95.17382221790922
596,4.352810650070604,94.50142458150944
597,4.434834424400563,95.51620745680758
598,4.372355211981175,94.98944890466103
599,4.4906569708000195,95.67811293886582
600,4.45636718554549,95.69788424475321
601,4.495450800813496,95.71166796375543
602,4.409253329026456,95.54344306924153
603,4.396116379293515,95.38052874908612
604,4.363391754377424,95.26905685307905
605,4.337378347099194,94.33265892969564
606,4.341328624893965,94.5099466881404
607,4.400010449168371,95.21718306611885
608,4.347677486905086,94.32690123449072
609,4.342170831193586,94.31037208529904
610,4.308048173948182,94.19185849775069
611,4.326342607729641,94.30921487500308
612,4.310618788366661,94.11880148346543
613,4.35219747071624,94.212449160297
614,4.315643631519661,94.61671738462172
615,4.249045536760026,93.65444938380907
616,4.338984891042723,94.08910757943114
617,4.236355837447751,93.49068240411847
618,4.24931409951196,93.32364503912792
619,4.297869815763857,94.4998874078604
620,4.273690080394848,94.14165560882907
621,4.254691530349791,94.10255438666248
622,4.196771805414048,92.86359439507945
623,4.336207717564461,94.30565934987699
624,4.2996385705661035,93.9762098361478
625,4.289962704845846,93.46873772535308
626,4.318430039661947,94.03005387699997
627,4.322546632175552,93.28922665738747
628,4.205150863799471,92.91295555658584
629,4.306094330370326,93.09835490061187
630,4.223372689360459,93.21473735753423
631,4.27993035309424,93.40789643127658
632,4.304338753372438,93.27005799321641
633,4.294586320408331,93.13081133905489
634,4.236645026454584,92.67120544304517
635,4.148573292571981,92.8671919868557
636,4.26762616349915,92.67496132401946
637,4.251566799085404,92.7862156592109
638,4.1133737315904355,92.31581092060071
639,4.167022092224114,92.56822762381331
640,4.077473322662104,91.01012774742365
641,4.0893549701253615,90.9857301984642
642,4.068773128903527,90.27916157283255
643,4.025540464467945,90.06808813674502
644,4.141754724820034,91.03576472365808
645,4.228032012591683,91.37006743159694
646,3.691848223474433,87.29125910388117
647,3.5733045262851384,87.48190916803276
648,3.691304051317698,86.83345555779974
649,4.031917638725834,89.9074721466312
650,4.021157801120044,89.37798381858593
651,3.833692074619355,88.72637982300837
652,4.096809825957728,90.45716108275997
653,4.118730131042396,89.77951084755804
654,3.674077695573367,87.78830559611492
655,3.817445905720143,88.6059129693875
656,3.7276091292651556,88.09151465810248
657,4.039484646368169,89.73565283781274
658,3.7594814408936768,86.85766061245289
659,4.080471985907478,89.64018196920642
660,3.9053929131259846,88.87458315654392
661,3.59527890346078,86.81806366115161
662,3.962841473858827,89.1374719783034
663,3.7602277937975592,87.78331084793933
664,3.700463752251434,87.36164594335445
665,3.630488661614184,86.41303178600897
666,3.7256206999558503,86.81029211174574
667,3.9089702319540525,89.14719368123649
668,3.6234621032096146,86.60992490032874
669,3.763090487597606,88.08292589161609
670,3.5622580896271634,86.13298593897929
671,3.5546629104109404,85.95233783293816
672,3.539870491443296,85.79542877413719
673,3.691713318962157,86.55943708510625
674,3.473960613550088,85.58027026892495
675,3.601941900956984,86.03492591909122
676,3.2935172151071423,83.85853510257189
677,3.4882001328945966,85.1683026814955
678,3.5757029816966233,85.20400802728003
679,3.6401273219683854,86.44885033087775
680,3.5795782265442426,85.48982723951183
681,3.500978225346929,84.98853557217622
682,3.522314396114861,84.08331287040352
683,3.648999244870939,84.79382243194267
684,3.415871984287463,83.22377286239215
685,3.5683156007621237,84.74270644698413
686,3.6323382925674763,85.09353760599924
687,3.514830479959542,84.29979597513021
688,3.568337567947835,84.69406284456998
689,3.492791180204982,84.00923490594845
690,3.5776022370285103,84.11746263230522
691,3.6175102872264095,83.70994807517732
692,3.493357960515931,83.67299393564036
693,3.5729086062219393,84.29021245696471
694,3.5503290681156296,83.99887860879936
695,3.5333861345802267,83.67319438274482
696,3.522447988642137,84.13963489627132
697,3.4744720177609962,83.23626710571764
698,3.5189486252971007,83.24121710183736
699,3.561652107393295,83.36606287352868
700,3.4984793713808706,83.59771721211224
701,3.3387446761250668,82.10704337759954
702,3.427604576665572,82.5136506285763
703,3.5490591616527687,82.97615755106044
704,3.4727781764378753,83.56625331168854
705,3.3505961226541996,81.16399899380711
706,3.486290577236864,82.5536084394802
707,3.3680128628089445,81.43293276927658
708,3.4244394365286928,80.59129828738861
709,3.2723604533277375,80.70789366184547
710,3.4240408738850006,81.36095426965034
711,3.448776569200042,82.0357692985433
712,3.237936113570891,79.95285296234334
713,3.376969587607694,80.660611474301
714,3.313754097377638,80.69036790087804
715,3.4511715942352525,80.97397319779743
716,3.304443426046305,80.60324084307827
717,3.404982146500353,80.96677137620883
718,3.391184963909976,80.42054269869777
719,3.392670510052945,80.38017706113493
720,3.356974219421666,80.1939755201348
721,3.35952628706404,80.13736485322562
722,3.322971774895486,79.51109773493825
723,3.4140952965837545,80.39771865401079
724,3.344299280306722,79.6009337510284
725,3.2046314328945944,79.16968456120989
726,3.2491443012401517,79.67318212627478
727,3.432174466341869,80.0911066794942
728,3.3865304665442157,79.95678349880178
729,3.401676264713232,79.81280694049458
730,3.2157264657883906,78.52695009368809
731,3.3607101294681176,79.42157154939918
732,3.4227338949908206,79.76893322413896
733,3.3266532618852875,79.22902788381629
734,3.424984756382426,79.72548349032775
735,3.244356256133616,78.884054053202
736,3.3162103941659145,79.14122578865329
737,3.2393628298440644,77.98304987000961
738,3.2892616122848533,78.87355536704354
739,3.1805909175534537,78.5607425955513
740,3.313524027760056,78.68631680549642
741,3.1659435638781943,77.95248130941201
742,3.1640169082989167,77.85952495365906
743,3.1752350275309014,77.92383773383396
744,2.940501703211095,76.02404903005151
745,3.1921194066053484,77.57028065280255
746,3.090663553114009,76.83920174652788
747,2.9872479852555704,76.1478336632482
748,3.0612361087093487,76.27974215464243
749,2.9729062839070997,76.30589666820826
750,2.939187911167659,75.9656373864121
751,3.0190262377083195,76.0697676364753
752,3.0397005853886174,76.26354049586566
753,2.876723052005585,75.54239844951455
754,3.027339722037327,75.79642798668914
755,2.9257295088302007,75.59449801927428
756,2.8639166779525835,74.71225026968233
757,2.905247009704958,75.05398464526785
758,2.8492069054965468,74.93590405800288
759,2.8271857738178046,74.6984128776777
760,2.8879674969002203,74.7301199529643
761,2.8170061524885575,74.48680443242387
762,2.867432281207119,74.35687078915169
763,2.8676495065251957,74.34181719231512
764,2.8232851764709506,74.23148145162938
765,2.7898844035003934,73.68261964991152
766,2.8781303718746853,73.95689011410556
767,2.8804214249288633,74.02398306279403
768,2.842209071561475,73.62627081633799
769,2.711103136794374,73.21047503267935
770,2.768738227239795,73.20903042029032
771,2.743164197894226,73.09425267815304
772,2.682478579566182,72.90941171750968
773,2.7813847649486396,73.00870577208374
774,2.6456222662418627,72.49350877886032
775,2.694327500183456,72.50094955217762
776,2.676298913570617,72.54746562144385
777,2.716797376708337,72.64157488856738
778,2.7525231903888097,72.63749087803862
779,2.649432535555442,72.33618681839701
780,2.7332442813120705,72.13022454269284
781,2.620845567047349,72.03872935205533
782,2.6461167752815755,71.89379872245526
783,2.7047385699837982,72.291069860569
784,2.615927034989787,71.8042943060964
785,2.622164082988262,71.55596023939466
786,2.661954482030869,71.7094145366727
787,2.5947909386148424,71.17168593210633
788,2.5286993796865374,70.74128056285939
789,2.5632542818061808,70.7773485718967
790,2.577373808337204,70.78067621695092
791,2.5349017423639517,70.64973128747476
792,2.6421876742912898,71.31241119424686
793,2.505958629983744,70.42122874331395
794,2.54042160012473,70.37177012038734
795,2.580319348070216,70.4641939444627
796,2.5841850480268205,70.4869629273557
797,2.5914661663627627,70.67646530264288
798,2.477325099632696,69.88493844804799
799,2.467570688114679,69.8197981362687
800,2.4577329970088426,69.66394040629373
801,2.4276432715249787,69.5876493239929
802,2.469941308981163,69.71666162510621
803,2.3697534621465364,69.1742701175619
804,2.351129640216299,69.04334229491492
805,2.4226201685157354,69.48201278594694
806,2.39242551881043,69.19792687131218
807,2.4171914342210155,69.33562160447215
808,2.4270867177466076,69.32080064680152
809,2.4229068480549762,69.35763159871
810,2.3850497842055995,69.24764772628568
811,2.3951170366246686,69.33663186773286
812,2.433638569543124,69.2812261821237
813,2.40504547115423,69.28862023090772
814,2.4474923671195663,69.35865756730017
815,2.450608063989066,69.08517627544721
816,2.480797807764039,69.1489733917084
817,2.395418143878572,68.81795084912929
818,2.393138989464569,68.73517489007463
819,2.367890976138492,68.60330112543538
820,2.358823788577633,68.7955682644914
821,2.4273415458755605,68.51600215578297
822,2.425185574698256,68.82019517947755
823,2.4198390713759275,68.4968513387005
824,2.3029068861525075,68.01055671719587
825,2.3751305007232064,68.3037420252379
826,2.351874472264069,68.03776622517756
827,2.30836730692109,67.7125708191497
828,2.3058021245622653,67.94997848309707
829,2.2868234036190827,67.77022495525803
830,2.271910660812749,67.62936062728879
831,2.2652488422089445,67.55472666925661
832,2.312256962283834,67.64418713262098
833,2.3462698394193278,67.68133363781183
834,2.2764732147722126,67.42209462445746
835,2.2676505672221863,67.31566886483209
836,2.2421586404039173,67.12351586688094
837,2.2332217865806596,67.0201855590505
838,2.2526793096927937,67.13822166729014
839,2.263927198073573,67.1467142742874
840,2.307827942608524,67.20246329734212
841,2.2314405584168804,67.11612047182825
842,2.2883327125653796,67.03189376741626
843,2.2253393861274664,66.74607464424425
844,2.254674615409782,66.89089107064582
845,2.253122637710541,66.7143544056428
846,2.2286699463544664,66.57856781505252
847,2.217090115546636,66.63928435154455
848,2.199998500197768,66.33355140942884
849,2.245039814747226,66.59924811876989
850,2.05078474438288,65.6699193444979
851,2.1726718798734743,65.98235389039623
852,2.1269986824339293,66.05624499548648
853,2.0886416520227975,65.68486959378626
854,2.0898987088627132,65.51223816081331
855,2.100355359249485,65.61334855667317
856,2.1188876686466673,65.4941243122153
857,2.042320349909352,65.07263980499513
858,2.012316235354006,64.79890393282626
859,2.0729237705709456,64.9176885781715
860,2.0738862479211497,64.90810630793735
861,2.005490962266057,64.6831433246373
862,2.097137746159501,64.86981350152847
863,2.069145909301942,64.81738187536916
864,2.1008185230275096,64.5730161466943
865,2.0934312276288174,64.5807095195289
866,2.039669486667721,64.45047116233394
867,2.0527651910349647,64.43718888049985
868,2.0796171251586633,64.36089945903998
869,2.0597802071812357,64.33592222003415
870,2.0203858280016878,64.07619348791931
871,2.000336483635412,63.97037514342505
872,1.99411458038421,63.83511087525891
873,2.0166053857260353,63.758361968875136
874,2.0798373594489976,63.91149071460114
875,1.9730148846736142,63.35954825644742
876,2.055188847746143,63.67511743618179
877,2.0933862501711373,63.78068537948642
878,2.018934105627276,63.5046334710666
879,1.9811596641574487,63.345689862004264
880,1.9515664427582344,63.062140100534705
881,1.9647342508542096,63.14903076180762
882,1.9578166375402903,62.978157035569154
883,1.9281922310090025,62.85230370102875
884,1.9002738467436884,62.710552968881025
885,1.9102725360985604,62.76017992664453
886,1.9746652005643552,62.81781835289668
887,1.9105938618404996,62.576949778891844
888,1.8648680563459004,62.415671743324545
889,1.884524160784324,62.44473460569555
890,1.8803721012433392,62.31493299101993
891,1.8473212826498095,62.13021258687208
892,1.9162858738500674,62.442896814845035
893,1.9258049422933938,62.4386210004952
894,1.9237038835115206,62.3623299998648
895,1.8689257630585612,62.240773178512406
896,1.8762579837715712,62.305225887191966
897,1.8312727918623126,62.06837589449611
898,1.8843873607879325,62.367134906205855
899,1.8558227049815317,62.250396912050796
900,1.8126634671823294,62.12043823870832
901,1.8885385616960406,62.44340579720151
902,1.9017902993676454,62.5762368935423
903,1.9526808631659098,62.846744107852906
904,1.9165099930722997,62.771836245139156
905,1.9178369638818937,62.74196454372484
906,1.9403230102893596,62.876650353834506
907,1.988076136552771,63.150233185361486
908,1.9425533933021732,63.02164308279182
909,1.9420852286065176,63.130213142935254
910,2.0633888061692653,63.444032379051
911,2.0063292545649767,63.736436131890216
912,1.994409773114808,63.68703619239644
913,1.9530474302977578,63.454806160725184
914,2.006805522699716,63.73731913609653
915,1.9459576070547722,63.622173759442724
916,1.9735474474743693,63.87332005762323
917,1.9738337838744464,63.82810266784311
918,2.0010649052420906,63.900515923668976
919,2.007344210673411,63.999047761248846
920,2.0455478088602534,64.34374194859015
921,2.0849293296167675,64.48017193335937
922,2.020165069993102,64.35691849169748
923,2.053221848834583,64.38681039709986
924,2.0487090214372334,64.5312412940373
925,2.008201212539998,64.48837524020246
926,2.084112923563868,64.5012867005038
927,2.0560575441495543,64.61917242919381
928,2.0612631749726753,64.85095267746699
929,2.0498957911359397,64.81438307067671
930,2.1354590964205356,65.04156665847624
931,2.1754500191526525,65.51033641401118
932,2.124565146010721,65.33097277935983
933,2.182938197856146,65.67343983525471
934,2.130650875040453,65.41430470390947
935,2.127189364777045,65.64961478620852
936,2.1583972134089993,65.79068275894741
937,2.203863621680418,66.1210231922895
938,2.1821738323658573,66.08025171342257
939,2.1793472691513243,66.20824492206205
940,2.190839148607641,66.30315572733282
941,2.230319785448865,66.6816510840938
942,2.18472432281589,66.78660974127473
943,2.1909366940087964,66.72830880597542
944,2.2441855776440485,67.2663525784567
945,2.245681972818286,67.13147323033485
946,2.3082306504021286,67.56938752436727
947,2.2701615428609214,67.37281024497624
948,2.298705700385296,67.70001995959771
949,2.294600118243017,67.76236364191115
950,2.2906883641751894,67.78633240832143
951,2.3084329760167965,67.91795784614011
952,2.347140335058195,68.14945311172798
953,2.339847454710596,68.32935147916926
954,2.3058228191798746,68.19194542365476
955,2.3229510759756153,68.4025618300589
956,2.331556356316158,68.50406789383219
957,2.3498072280532956,68.55682933772515
958,2.3683669160417438,68.79071281074398
959,2.3545388767496003,69.01069752609443
960,2.401030062009266,69.15484944819048
961,2.390417773383853,69.16415010311087
962,2.548412948349126,69.638304446393
963,2.5414261223443293,70.00720442670026
964,2.529853113717413,70.1088918661983
965,2.5810465470932997,70.01831276911419
966,2.601144787166858,70.24371012007718
967,2.570346312761739,70.26560660118311
968,2.5811077784145584,70.41942919106667
969,2.5646047180282774,70.0446948212744
970,2.5715263273579714,69.93623831813608
971,2.55576804585353,69.79487552719561
972,2.5342948514361066,69.68420278962968
973,2.5307651277234418,69.48315779502501
974,2.5475680097223994,69.61211281316356
975,2.46654533645443,69.01211673392898
976,2.5091534880607003,69.22987924489448
977,2.5012237537910704,69.11915797952528
978,2.4734198898774125,68.9752155830077
979,2.4578081547891686,68.78017586835786
980,2.434974133439951,68.61756487832164
981,2.4480824850195195,68.73858417182082
982,2.41533985566615,68.71035332964153
983,2.456361273053117,68.6595910835441
984,2.435944130816023,68.67966483357297
985,2.4493514592153387,68.69721793507784
986,2.435160272678327,68.54019322257024
987,2.483130211552109,68.67191302895077
988,2.4086764671574667,68.36846238970438
989,2.372169586794578,68.34418819674964
990,2.412366782938482,68.46305176046391
991,2.396144941721922,68.42992211070818
992,2.42990462120001,68.68436323988192
993,2.414290957528406,68.61320514810872
994,2.3339141819167972,68.59080799826937
995,2.4303948213506934,68.84288776082596
996,2.4753151535100355,69.20869362713864
997,2.444579271101189,69.10956831760545
998,2.442961423751767,69.14817679697177
999,2.51161781811934,69.5767052567778
1000,2.44963099294772,69.27280654822691
1001,2.5386368423953716,69.64549763529688
1002,2.5838845676842452,70.06016000534929
1003,2.484583184272916,69.6617208630493
1004,2.569104897920408,70.10954957237972
1005,2.557407251975222,70.10438220198448
1006,2.610204095699469,70.54163253908862
1007,2.5552602956881434,70.18342960634483
1008,2.577848837235281,70.3066495526541
1009,2.5534649064703294,70.21788009250088
1010,2.5953072470804,70.58310136477645
1011,2.5494096234499053,70.42051686114881
1012,2.5572683086880565,70.43283938920182
1013,2.5494508285412127,70.44370485926265
1014,2.5623275996272574,70.55255526022309
1015,2.6252083606281316,70.86901538603009
1016,2.5548859185559243,70.51410172358112
1017,2.550709194687657,70.66439980930622
1018,2.6565998585525215,71.13348140348153
1019,2.518824311168592,70.56239215834161
1020,2.607093837732302,71.00293723411345
1021,2.5601929199470503,70.99092899628806
1022,2.6174121717362415,71.39377004706698
1023,2.5288868967259495,70.99206545727833
1024,2.6330785917422093,71.55524832591064
1025,2.610782872048058,71.66865289983217
1026,2.687664171585307,72.19841949123199
1027,2.6184466000410653,71.97426845511971
1028,2.658161178837049,72.22812019414515
1029,2.6877956009832764,72.56035434777291
1030,2.6641231945712316,72.47726502221578
1031,2.70653382433075,72.84671623748496
1032,2.698507725140355,73.04460951108089
1033,2.7591040551706922,73.21727752299861
1034,2.723240531669502,73.15764874970861
1035,2.6553904894592812,73.50151184745083
1036,2.683411363066518,73.27583754563754
1037,2.74221620225258,73.48181629012731
1038,2.634010299220609,73.18946402590912
1039,2.7371081386837846,73.75673289535295
1040,2.786437835157738,74.11458260102805
1041,2.7759286538068455,74.0593583330002
1042,2.7842116697819512,74.53970264884859
1043,2.755198569414454,74.19677954830614
1044,2.7599354904692808,74.3559758957824
1045,2.807175039766469,74.52433459687086
1046,2.6490947953342014,74.61867825423347
1047,2.806610678765686,74.72769660637118
1048,2.826220450869684,74.73946034767036
1049,2.8806329025063424,75.24634245215731
1050,2.8586655985301785,75.46926100126772
1051,3.0232729042185214,75.80796714562761
1052,2.9183501964973866,75.41152016559691
1053,2.9263382023655504,75.61874032858978
1054,2.868378268345429,75.78022528346034
1055,2.881968365340568,75.9491673980396
1056,2.82984897733573,76.17538146009271
1057,2.928295863090844,75.9649219801698
1058,2.9758235248106493,76.67697691559873
1059,3.0161756351929285,76.28389060448586
1060,2.8704355692573764,76.38883708582053
1061,2.9763064989768777,76.7087059252809
1062,3.0624816170829443,77.21128965509895
1063,3.005425118168678,76.90463483211246
1064,3.038302018478106,77.19333000600372
1065,3.0522405228966956,77.37050100344351
1066,3.0583687842876035,77.37240184956384
1067,3.0069589728633406,77.23748224814788
1068,3.0506198655640535,77.48198043842956
1069,2.8594708293791737,76.93036864722711
1070,3.026858581991433,77.3959956738332
1071,3.1169369041014408,77.98771750484903
1072,3.0241946983798136,77.56300223014088
1073,3.0408613783597978,77.50586601939357
1074,3.1213017491562067,78.08663355949837
1075,2.9807728797447286,77.67264927058564
1076,3.1264616111959307,78.11824231758514
1077,3.059565862896955,77.79877364761498
1078,3.106517397429313,78.10601561545207
1079,3.083348460623566,78.00989538488814
1080,3.1122598766038796,78.14397993993497
1081,3.1148212545723655,78.41058538404455
1082,3.136557078604108,78.45290986834544
1083,3.1033537087305585,78.35908932516848
1084,3.1257665917369186,78.63423086996937
1085,3.184075385783102,78.84788718050959
1086,3.2102377670135165,79.19496332160419
1087,3.1684157187797277,79.13498094955578
1088,3.139535433755963,79.10103344264044
1089,3.053231494291303,78.7217296560413
1090,3.2676010156750253,79.59434352351954
1091,3.241557469315795,79.80258723211027
1092,3.28148125859217,79.82675080689664
1093,3.271158307479977,80.07095004496806
1094,3.1151140989766994,79.75258241942069
1095,3.171560043187115,79.97847410624055
1096,3.3156838288809523,80.42752051178033
1097,3.163084929677529,80.31163934115627
1098,3.0749210000790423,79.81318722169539
1099,3.2938501250037526,81.09040663341372
1100,3.355658534498186,81.03356107614233
1101,3.3720342014049463,81.27711188367145
1102,3.4192078666188306,81.40348919389895
1103,3.353845851267486,81.265439388914
1104,3.298743476228588,81.45306933371994
1105,3.3605752961188045,81.44387418798655
1106,3.2486709934466864,81.34839547104824
1107,3.3142251429684966,81.72887571528513
1108,3.4436473702279153,82.24135270756987
1109,3.270918179779894,81.7720086182525
1110,3.369992568052237,81.65912718094283
1111,3.2822204157639194,81.94715915127225
1112,3.4047886134952763,82.11600029597685
1113,3.3377970822332315,82.63007321790577
1114,3.432385487855847,82.47904992578724
1115,3.463608061611943,82.77059632999288
1116,3.378825944366088,82.4702815690869
1117,3.291800516058025,82.61792919608362
1118,3.3867272853929347,82.78941807902517
1119,3.403932765876189,82.79781667581193
1120,3.4442675973337535,83.38855480647713
1121,3.3557275198879064,83.40439763082809
1122,3.5213911764438888,83.52642262170293
1123,3.5227781664462743,83.66286386523295
1124,3.557645914124957,83.96859388240934
1125,3.5484985202123323,84.0287547751685
1126,3.4266914977175977,82.94432192537113
1127,3.478157739400526,83.91491073456807
1128,3.549538641201971,84.15188588924303
1129,3.519271977585129,84.18038552809475
1130,3.577872660504199,84.56577633715119
1131,3.5404030483377458,84.35368694722082
1132,3.6131909652157717,84.87944475742265
1133,3.5495287092730425,84.45039810870792
1134,3.6101158260193316,84.79991700227416
1135,3.574220632513948,84.63443290797544
1136,3.550027613524128,84.40835675354333
1137,3.625082291427667,85.07264089755132
1138,3.643179282708537,84.6086336782852
1139,3.5833627300927304,84.98601323567624
1140,3.6059678609133616,85.10362150955571
1141,3.6181095567346357,85.05444475818766
1142,3.6342477832746525,85.310996834949
1143,3.6380068157432035,85.43651447027537
1144,3.6776610164082553,85.25871263285808
1145,3.6274761790434744,85.74364022983912
1146,3.711437950243988,86.1521932897198
1147,3.7259790742634054,85.90736277305079
1148,3.741258660705627,86.45651123432907
1149,3.543793690788492,85.16840491876643
1150,3.7135041904795156,86.57660316846005
1151,3.834348772744935,87.2879539794057
1152,3.7388189971520567,86.93767260514552
1153,3.8301275133548356,87.3365154441106
1154,3.862374362070924,87.09966338811074
1155,3.755589060416539,87.34636043768323
1156,3.760469017158611,87.30628111362223
1157,3.8510660395151666,87.7946250669883
1158,3.9063718812455304,87.89777749290528
1159,3.934730561616576,88.30066433955015
1160,3.7724731909827662,87.05345967714268
1161,3.7512444642666476,86.78711934383638
1162,3.922428341695514,88.24298215039045
1163,3.723065275788598,88.13910865848669
1164,3.8963974631440137,88.11464876914856
1165,3.686095871836805,87.11516304817857
1166,3.948711464250447,88.25655895016648
1167,3.883883623851264,87.76378539635701
1168,3.7259002911365533,87.71742511021593
1169,3.6892914261050826,87.02753530138237
1170,3.8108736011878572,88.30717005447195
1171,3.8110156963029063,88.05829093560533
1172,3.8121813356932828,87.27630785773334
1173,3.719892645555286,86.24718590651786
1174,3.627043326795663,85.83097240922146
1175,3.63223532767286,85.68689317868134
1176,3.6455655489537113,85.27013254568377
1177,3.5442897645416327,84.18877315761075
1178,3.2967812442823305,82.86205482976932
1179,3.2762303737345,81.56741440208509
1180,3.4611183073768217,82.72311901157478
1181,3.351152946926292,81.48672576278217
1182,3.3129431352131697,79.86163720294229
1183,3.2811493714374573,79.23768302860687
1184,3.242950469300651,78.73134252437202
1185,3.0289871642806867,77.08769819550128
1186,2.9159837506262107,75.88928313371855
1187,3.1364404509940287,76.50649157579025
1188,2.990136782633483,75.61439032077567
1189,2.936518268805767,75.23117029990033
1190,2.8121189590042777,73.48528583265987
1191,2.733497468536631,73.02907708883478
1192,2.7346165348195717,72.56837795971428
1193,2.551846402237316,70.83665318191971
1194,2.5422475887491225,70.5011248261407
1195,2.4608034237234033,69.9364108596764
1196,2.464530886278894,69.44713240172169
1197,2.3806147039070664,68.85620021009554
1198,2.405754192769491,68.4535649789496
1199,2.3681654153162657,67.74702498276633
1200,2.340878629626376,67.66577972699757
1201,2.248364687263768,67.28275366708553
1202,2.326180960239606,67.40069112277199
1203,2.3195362032968023,67.13777737418262
1204,2.3233124393599422,66.89407998273616
1205,2.404895910446705,66.9136374197964
1206,2.410344354863163,66.65429513211856
1207,2.4159360223873305,66.5767612679257
1208,2.3409690742537927,65.63692970766057
1209,2.3168349664950183,65.1776360974937
1210,2.302993089366162,64.70240026275123
1211,2.2363266779183864,64.37322810547884
1212,2.202740759589106,63.8471470093812
1213,2.220666720272281,63.88008007263246
1214,2.286998578576057,63.882889527384556
1215,2.1947448110629515,62.89130777400281
1216,2.2179802089333163,62.56296755643136
1217,2.1646901099742117,62.28029952470077
1218,2.138408458645958,61.8327868617991
1219,2.1177144943856376,61.183447669796884
1220,2.0692151883191565,60.69637374394099
1221,2.016137146018152,60.03440488118269
1222,2.0144354401306614,59.892464160300634
1223,1.9984314837048565,59.56384554913864
1224,1.9459270679541127,58.85646366693564
1225,1.8760474448036277,58.41659597353185
1226,1.8842934060509802,58.135494138767044
1227,1.8907768039503068,57.91923921988281
1228,1.4459556928657489,55.970924934632
1229,1.505361542985472,55.654607186066556
1230,1.8098621153292433,56.64316707582675
1231,1.4982839949853586,55.041276529607835
1232,1.7768935847192715,55.614878404865586
1233,1.4032852680401584,53.98908924651328
1234,1.4561742427016293,53.74379266418993
1235,1.433334328992758,53.55598329823134
1236,1.3793338972334293,53.17583871090276
1237,1.2688720294893194,52.441899777421284
