,slope,intercept
0,0.7788834089796787,21.626445025172888
1,0.7554645966684519,23.27501507151307
2,0.7609462088758738,23.1625785984696
3,0.7492456630068358,23.125367432744724
4,0.7470627793929364,23.166036769828136
5,0.7603755352497897,23.08181470166313
6,0.7790520008086306,23.08171115326064
7,0.7860368463147164,23.070737484571783
8,0.8456319314892727,23.1874358525627
9,0.8249047857735281,23.091346425539882
10,0.5433268410025827,22.25148465053477
11,0.8320854138120789,23.124850149553964
12,0.8032283946969967,23.017027030840172
13,0.8158599430206448,23.01644678432599
14,0.8181650829066303,24.162581094966455
15,0.7781894854419386,24.143799460123645
16,0.7891270454959738,24.19586188885891
17,0.817180413309984,24.212806138167366
18,0.8112731757098007,24.233011883012733
19,0.8648881521336156,24.443992131302192
20,0.8397514988708971,24.394347981758347
21,0.8525695451797912,24.460893566191654
22,0.8301551974940569,24.53698927244379
23,0.813270086448541,24.684957193857095
24,0.8325751549098919,24.775803783488495
25,0.8250284999427423,24.846197827737747
26,0.8335218245314953,24.93191092256584
27,0.807593890073841,25.126369213496456
28,0.81908635124639,25.137941575092157
29,0.8166547672855397,25.241526319859286
30,0.8746006995838401,25.731491006465625
31,0.8704712289914806,25.84857685933314
32,0.8951559115429044,26.171376085025138
33,0.8901362242358103,26.381180495163772
34,0.9289516804308068,26.656199049341147
35,0.9450150508783687,26.945566212081786
36,0.9605294580812052,27.263554291867585
37,0.9721102053225807,27.632277625787523
38,0.9897335992472313,27.94386931067812
39,1.0008765938601973,28.258740739284704
40,1.033116368229405,28.703683066184908
41,1.0682909787058055,29.073658898489043
42,1.0775331035183033,29.432787490299745
43,1.0958100312048766,29.860116750274436
44,1.1325147695219016,30.271889105900186
45,1.160343334646685,30.64138660925575
46,1.171518237289557,31.114523329822088
47,1.2171700579160392,31.560286153601727
48,1.2315648646528914,31.78758890475792
49,1.2570335012547458,32.2292081481266
50,1.2789392192555862,32.57978387752121
51,1.312000604924469,33.1446721475442
52,1.4706980490890482,33.940576424770775
53,1.4923396233882293,34.235920184124495
54,1.4872620241709722,34.59217855653706
55,1.3821837818319025,34.7057360312261
56,1.587667985414048,35.55190353405122
57,1.4545026490208741,35.622809795784164
58,1.4172620892233454,35.841502130613925
59,1.4867715517010731,36.31741395092814
60,1.5030405962397038,36.48194954885557
61,1.5593713001260723,36.915642635233986
62,1.54558317702638,37.22044421885919
63,1.5656213268197896,37.638436333568265
64,1.5166597746805237,37.778397462096244
65,1.5855597471358633,38.27022717950171
66,1.616296568155804,38.63543742437375
67,1.6580211021878335,39.02618180097062
68,1.65716327116559,39.35982911806429
69,1.6507748769617905,39.641368831917625
70,1.652693393581003,40.00184243033918
71,1.8551082339309748,40.7115261422751
72,1.8043581309489565,40.918811080842595
73,1.9196755642122358,41.42960548611553
74,1.9200272034741641,41.7856560669212
75,1.917814802629895,41.842376698400265
76,1.9243107349086528,42.112364206635135
77,1.9566206660473375,42.42550222109777
78,1.9770535939141274,42.7170688894811
79,1.970233397425369,42.87407067319446
80,2.0097345014522863,43.290959372835765
81,2.007950246460058,43.511698048502616
82,2.033855796106218,43.948810361327624
83,2.027700396067056,44.15158103097038
84,1.9589544673237163,44.22551696526012
85,1.9716517259096336,44.5063306397138
86,1.9881192392876086,44.87350944993851
87,2.0053305966103685,45.01610529672824
88,1.9766892704869594,45.2731935955778
89,1.95807533229077,45.56514984782416
90,1.9574070855549563,45.58951080783385
91,2.005217163542761,45.941293765771334
92,2.034121390507807,46.381565421305105
93,2.071100223653919,46.74485494084806
94,2.04401707115874,46.95301429218576
95,2.206941546624128,47.52389932207561
96,2.193836868556683,47.73162710188493
97,2.08331647433167,47.676872607117105
98,2.225160312458173,48.20647007443359
99,2.082633263260223,48.12769948849966
100,2.1191609793481967,48.4071934659001
101,2.1435656104990177,48.65933318418103
102,2.1460910365651724,48.88988906685351
103,2.156783034970397,49.083671520348766
104,2.0675521682489766,49.066792023254884
105,2.10570119879455,49.34346645106156
106,2.1963149032097418,49.77465391000609
107,2.06901554074904,49.62965698491115
108,2.1561647511538498,50.145253084188454
109,2.1299261339173334,50.332330387555785
110,2.3416383710496294,50.98639287400331
111,2.2182987583723963,50.862743557399455
112,2.253099668617145,51.193821731367386
113,2.208884432843881,51.31441072896614
114,2.1926395609449494,51.5182090136423
115,2.261686464706881,51.83886913309706
116,2.2041311228120377,51.892036781273035
117,2.3164205075437354,52.34413877447299
118,2.2636561757408273,52.458254544371904
119,2.2531241404495064,52.69390279214176
120,2.2259770252716433,52.66830272846626
121,2.3477264002641163,53.14549711167452
122,2.276952540238426,53.301023469634295
123,2.3030447202731956,53.540506512930236
124,2.4949787040204363,54.09010362734687
125,2.2682846238728476,53.76565755521556
126,2.2930753017153687,53.96374878272675
127,2.524076764006283,54.87984785816303
128,2.3453074153211517,54.51238815121107
129,2.388209552225813,54.99223411538085
130,2.3681180087844145,55.179937719013
131,2.3270801203799563,55.26849660257164
132,2.287577503000315,55.379303858602356
133,2.353959980201556,55.955408217754325
134,2.314954486950639,56.01092668935314
135,2.362894647091339,56.181642875016124
136,2.327093776541936,56.43056391771385
137,2.3664499600036564,56.69257452202142
138,2.3830441775594533,57.006856566576936
139,2.4054549713595876,57.22260510740103
140,2.4748510781540354,57.618017574045545
141,2.489747511624017,57.890870359824774
142,2.5141051002126407,58.220933894313674
143,2.4891002130612656,58.44430219677417
144,2.4967076819911638,58.5921355980004
145,2.510275586219548,58.919640373811646
146,2.6057870511142673,59.24121552593558
147,2.5180800524495397,59.335941812799504
148,2.600240187050453,59.59902672138781
149,2.6425718251145804,59.95612861626885
150,2.628108244731897,60.15810846677812
151,2.634945829866959,60.2206833471785
152,2.6326314674560334,60.26079330816316
153,2.6832283554440677,60.76427233817808
154,2.6435702421703953,60.789754050405044
155,2.8393360069240194,61.485395071160184
156,2.681589044362444,61.308748226623415
157,2.6765797716836035,61.678723052956435
158,2.9183399848652534,62.51677552322715
159,2.883846067061949,62.72687492267278
160,2.9081098856610152,63.05465379077263
161,2.9772746092427416,63.53007404385455
162,2.7972339598307743,63.37760141263477
163,2.9823482677611084,64.25669716640299
164,2.978934815239496,64.47332467538556
165,3.03350850363301,64.97030934296825
166,3.044259429869958,65.31683540358162
167,2.8174936860142195,65.21089244896868
168,2.9192971423123026,65.77020297510869
169,2.899130720464565,66.16350739817933
170,3.1683766256236487,67.15008700008173
171,2.9437430844292405,66.92039836309446
172,3.028962739351995,67.62772473566869
173,3.1071946994196242,68.05124635395283
174,3.116425895793086,68.25247374963772
175,3.041854998873008,68.61191204793664
176,3.1455663174581803,69.16580483647965
177,3.1010595753359502,69.42159999019603
178,3.143130736179527,69.85009711974124
179,3.140859469925033,70.34117532398781
180,3.1388293220872745,70.60188040594582
181,3.1937547006260383,71.11698278310557
182,3.217365952536386,71.49085156239515
183,3.243022557531811,71.87121179953019
184,3.257215831128439,72.17410843455885
185,3.249751973399433,72.62755711573053
186,3.272749744273583,72.9975499294743
187,3.2810230011356185,73.40650891032416
188,3.297311459507323,73.78904869825128
189,3.2901303301235196,73.93026066485005
190,3.3634739052184446,74.43062246206246
191,3.3578430720398686,74.802347943462
192,3.3622948715992282,75.03684187785004
193,3.3952040268041714,75.37651280038865
194,3.3619992918740564,75.65521420668108
195,3.3648632179897353,76.00573589221803
196,3.339087788844297,76.10427772099192
197,3.3581773665011383,76.5503931078009
198,3.4012574617932665,76.84214638346138
199,3.462777588003793,77.30117799130696
200,3.4649773117534632,77.64162009873294
201,3.448294698701594,77.82364454825232
202,3.5000994548484283,78.23171716301168
203,3.508515942753186,78.3669274832163
204,3.5715389048043376,78.87156181324829
205,3.6773999164674556,79.31704807646655
206,3.601998734375795,79.40359777143219
207,3.805777776955615,80.20412994821581
208,3.8308616854212785,80.46249855314501
209,3.748979749193755,80.42060317494257
210,3.753348763446303,80.66817109301255
211,3.712611827815705,80.90374825240669
212,3.7240780554913977,81.33553223682898
213,4.033824595031251,82.27064667234141
214,4.051231768937614,82.60959073209101
215,4.077981221599125,82.81779801119514
216,4.097768904684739,83.05223410011597
217,3.843166123930006,82.65880206049809
218,4.078982308774203,83.39129417995345
219,3.7735282688625933,82.79818184954051
220,3.7201714738646734,83.07578564602386
221,3.7506865326666863,83.42890853788985
222,3.76363168351246,83.45109408447206
223,3.85583531448109,83.89623599000952
224,4.092747286274916,84.57089480020191
225,4.0958738214544645,84.66368944420712
226,4.13660788839069,84.85278627717838
227,4.175710685937429,85.0122995924256
228,3.889377142770259,84.46533720451346
229,4.228474715529688,85.159142576526
230,4.248488216227778,85.36020044774557
231,4.320272516268957,85.5577000124704
232,4.306190580016038,85.42788951025669
233,4.293400170568038,85.45553626747076
234,4.304604789713051,85.40552380543697
235,4.2985079236331565,85.31037520251343
236,4.296415632488084,85.30816523855063
237,4.31398765743858,85.23757591980214
238,4.2915265705904755,84.92523215026452
239,4.252745026460595,84.71517246858012
240,4.33178047319201,84.92125603269491
241,4.302330141521747,84.6923912944076
242,4.220382122107048,84.59281382410431
243,4.261759386642254,84.31459956736943
244,4.187471012245008,84.12159442188
245,4.190936697654029,84.18740976868888
246,4.12777901378877,83.63924289434514
247,4.140065870460837,83.50141629712166
248,4.103241754703098,83.24089577650325
249,4.069151230532947,82.99511455770752
250,4.119590406009084,82.96901001053428
251,4.023360425972444,82.57535046504334
252,4.019791388899057,82.3023204598804
253,4.054020618931956,82.18744019245251
254,4.0779169259014125,82.13703637855562
255,4.023263724331511,81.55946476066048
256,3.973705879978459,81.29739016427983
257,3.956575488856446,81.178900407942
258,4.0503253512985,81.29977156271603
259,4.0169529752565,80.90677000466256
260,3.920518104209547,80.40766746001229
261,3.954442478262866,80.37355782870092
262,3.955767851691266,80.37820399149878
263,3.762910622577279,79.69951789233619
264,3.859903285361637,79.63492954520083
265,3.8381030895891333,79.53401468371548
266,3.8831906822855053,79.57203196333029
267,3.7318897812257825,79.01116372762316
268,3.8288829552754406,79.07455108580987
269,3.8145426512087313,78.7540655728618
270,3.727211470401326,78.38404039863019
271,3.7629627009112117,78.31333955285167
272,3.6216707412454,77.92371969976212
273,3.6984442360356233,77.82326805906433
274,3.660234853134379,77.68047488688914
275,3.648969924005175,77.42213150396402
276,3.620426426755519,77.272025797759
277,3.619224668690156,77.1151818783071
278,3.5603315570664127,76.78839165745906
279,3.604253616475098,77.05360625184483
280,3.5715389492139256,76.78227306757621
281,3.516847525052646,76.24840371230063
282,3.5361106472849526,76.3119113175201
283,3.4818208016570438,76.00011883801743
284,3.516899587551029,76.08728858400471
285,3.4539059237832452,75.70073004883099
286,3.496419037146712,75.86789216975467
287,3.4132273109406492,75.54262956168587
288,3.3671658767937296,75.16453245651772
289,3.3526770215291206,75.16046607232263
290,3.3580018373442884,75.00280826232097
291,3.339257014441292,74.49575145670836
292,3.310727674375937,74.4687492672556
293,3.315541228022957,74.30560064421523
294,3.306847959474065,74.25358842433698
295,3.2678049686361326,73.97097547471981
296,3.2949509663003083,73.8724588156049
297,3.280528023845019,73.89591151080269
298,3.2721395847256347,73.61751607110276
299,3.3326775313575046,73.65901347715327
300,3.2835653244156684,73.44775327304025
301,3.2721382182106358,73.30878031575074
302,3.3539743483403615,73.4450180410349
303,3.3223825601394923,73.21545550344187
304,3.3085368150252785,73.20368564885416
305,3.327561032504962,73.04761710762446
306,3.2803129670087774,72.97008864107366
307,3.2317527563806094,72.3626955764978
308,3.165020342734616,72.17425707975072
309,3.1748437344333538,72.31295410338906
310,3.193877019407146,72.00760323318558
311,3.095547183750218,71.67448598248606
312,3.0789299842442666,71.54161342232163
313,3.076581132822883,71.76487833120537
314,3.0568977214357456,71.43068259465205
315,3.0386294142948387,71.27393818880542
316,2.988872755532606,70.91256141078902
317,3.023983940160007,70.99882951107978
318,3.02839477193623,71.022023230582
319,3.026543190933441,70.80131802926718
320,3.02863951205806,70.58685593360124
321,3.053401552746719,70.46237287703252
322,3.0656304354173742,70.57779885686394
323,3.058922154662343,70.49989153511925
324,3.0780688160423257,70.62539347586866
325,3.0586386401064822,70.38071037195857
326,3.0733810576818774,70.56756323223611
327,3.094364837206536,70.65379501401073
328,3.0535162171855283,70.31131017272132
329,2.9985432917819916,70.12254568881829
330,2.9655043391044473,70.05818430864467
331,3.0354564799600094,70.09418765018131
332,3.050387072045898,70.13606387735464
333,3.0464659684012623,69.96394154775875
334,3.0237707356718153,69.93096099641913
335,3.0695647060062337,70.01343697608537
336,3.037710165234131,69.76443016565776
337,2.853902640834022,69.06881301870433
338,2.8557237746000634,69.03596584609866
339,2.853126628177928,68.98731438492491
340,2.881363059892218,69.0535617288077
341,2.957122605556979,69.23103103508713
342,2.8959324389087477,68.91194043894295
343,2.879061050557414,68.69789334736437
344,2.9019558765090925,68.79142809502268
345,2.811551430333452,68.62391225959364
346,2.852092742753836,68.4905902322466
347,2.866828920327883,68.47104392581608
348,2.8472259359707977,68.39263198556347
349,2.8648895202971865,68.34742982069382
350,2.8511588927168336,68.30772110745876
351,2.861590377270892,68.42155835855014
352,2.77823813153487,67.94196916262963
353,2.798910780776155,68.09499272419032
354,2.804033720231772,68.13957482752177
355,2.7997692033780908,68.15797747570586
356,2.7251371361132026,67.98324176935886
357,2.70765825914182,67.72444797025969
358,2.7109344576157475,67.77156839990049
359,2.670358578862462,67.58827368998053
360,2.6725326050871008,67.5832516529988
361,2.6754477781356885,67.52223481400407
362,2.685289136312448,67.44677410514775
363,2.62047472625259,67.29619662753333
364,2.616762664957597,67.34000410789137
365,2.6403220697720142,67.43011306335565
366,2.659261693178623,67.41166453943349
367,2.6895085495827558,67.39664041656347
368,2.6912485443689524,67.47611616920743
369,2.671275823863385,67.41894036063849
370,2.6575210827289557,67.3283867147633
371,2.6888262687422193,67.25916872537304
372,2.7425607709998188,67.6623091495898
373,2.7517453681805946,67.77713085493491
374,2.7596234050827086,67.76148190509451
375,2.74954450441133,67.78255267043022
376,2.827980250457423,68.11666698211978
377,2.7858301813427313,67.9715831463936
378,2.8167771653299654,68.2065843420887
379,2.8189481352966,68.19125602111494
380,2.759642040103702,67.68557347058784
381,2.7142338347080357,67.66921660815505
382,2.768425373298853,68.01871176885048
383,2.776657059128884,68.22585003244124
384,2.737864767333592,68.00752614875233
385,2.7138240716541118,68.02796203767953
386,2.700672844193409,67.97037112005243
387,2.652503491223262,67.72102499203561
388,2.6335020897564267,67.73153174310913
389,2.720069180080581,67.99440814727086
390,2.731174779124999,68.05250078497764
391,2.725381136804928,67.8893594962851
392,2.718415625049593,68.04385604250808
393,2.622403178907222,67.65311049940472
394,2.675214915674968,67.82347411714
395,2.668444625136396,67.73727192403004
396,2.683719540615902,68.00815257480323
397,2.645101642367693,67.81210522464379
398,2.683010270000684,68.00750844336247
399,2.6523729148175943,67.8844856608269
400,2.6452184632942326,67.80259546789496
401,2.945357846689913,68.66509851172236
402,2.743217000689111,68.29465017100395
403,2.9852132286393456,68.93802202595025
404,2.775295152779926,68.36281656008781
405,2.797113662224894,68.41057024256173
406,2.830471495949968,68.6284346569579
407,2.777113518433284,68.40844871642108
408,2.8298640313826278,68.58705161449151
409,2.780808373100215,68.64482683623896
410,2.833268050034104,68.36387357423142
411,2.80072268904869,68.66140552685945
412,2.88371973955576,68.9016432862852
413,2.814240130354988,68.70972099551032
414,2.8484970130123894,68.81765215857612
415,2.844100804300352,68.88670051454977
416,2.8439716351201794,69.05583030713805
417,2.801831546496752,68.83990205302358
418,2.785586906965575,68.77462549005362
419,3.0119291397155865,69.40118657505525
420,2.8647609445938804,69.08223757134593
421,2.770072816859028,68.57847858011137
422,2.9474740110443594,69.17172946000689
423,2.9622765877567723,69.12637017787787
424,2.9645292541958908,69.25138049681685
425,2.9634784466634905,69.26768957012683
426,2.976896869774343,69.36348474197705
427,2.9431946560376043,69.26205074914738
428,2.938532504141926,69.0943377088828
429,2.9557800801936422,69.19003349385686
430,2.6709130625434554,68.40956600780257
431,2.6276944784528316,68.31276515832185
432,2.694768662634184,68.61897497697501
433,2.950248511776337,69.17031393502565
434,2.933516687072321,69.18583001220148
435,2.6829070228258804,68.59231697638654
436,3.0233708108117434,69.4080036794528
437,2.8956229232947712,69.13070067598478
438,2.7992471968594015,68.9768401132283
439,2.861192408781449,69.13504142846384
440,2.8481160505800975,69.12404815834869
441,2.8582980546235364,69.21984402076349
442,2.827591550465222,69.1983099449857
443,2.8534112173420425,69.22515258710708
444,2.7974902632247898,69.17660879506987
445,2.802837584091755,69.14547306517751
446,2.8958348968003476,69.48006271400958
447,2.7824408462992527,69.10785490498444
448,2.769021560870383,68.9893545359979
449,2.8196037885957845,69.30035741176656
450,2.8051298082936587,69.32565204639607
451,2.93700206837883,69.51532079991796
452,2.9446324919177003,69.5592600679278
453,2.8937976231167135,69.40483677708141
454,2.940059155134789,69.67527334883371
455,2.9798394354608586,69.84114845238446
456,2.9421241670392186,69.75384860410381
457,2.6535980589596715,69.0302236360689
458,2.9327306164730116,69.78763532921849
459,2.678749389087658,69.14809309919124
460,2.700796705596979,69.21600430635964
461,2.664470389982747,69.24071895500526
462,2.66683449322954,69.23271076642587
463,2.662825299898967,69.27771164420697
464,2.7434134710453,69.44959660375184
465,2.6740953824726867,69.36674396672491
466,2.665717396674573,69.30392376528307
467,2.701728928375618,69.54086834410786
468,2.7176133886159386,69.63250385662546
469,2.727257713002415,69.78574050091623
470,2.721333652888679,69.68426136749243
471,2.8926923530099975,70.33573954167171
472,2.858923847127179,70.31161221251446
473,2.8797226357446477,70.3737018148264
474,2.8751450926960596,70.48489608451789
475,2.899288386588834,70.68742498925853
476,2.8579345379744696,70.59698978309598
477,2.8872212201947205,70.7408744633722
478,2.85471379038703,70.79728751268995
479,2.8368790783283324,70.7326276909253
480,2.8762611558064664,70.96281640568102
481,2.7927685851535404,70.72669080765492
482,2.838007748723329,70.85301049219858
483,2.8135246329090493,70.8691193873502
484,2.821908724347172,71.03303006392342
485,2.8150340575506285,70.95633560179114
486,2.797767287828836,71.03034506521553
487,2.810716095609324,71.12046493213145
488,2.825161829883833,71.2381011434995
489,2.7654945368210315,71.02724606584978
490,2.770134699943103,71.00116972431648
491,2.8413390312454854,71.24148259239018
492,2.791356277729722,71.17347750265687
493,2.744269776203528,71.03002696504589
494,2.782748028871064,71.20940075405152
495,2.7803663748652205,71.15601566230028
496,2.7748240672650093,71.19653164108449
497,2.7855147978326285,71.25023244675708
498,2.7551786155542963,71.34014855360415
499,2.7815791187169214,71.48789628779994
500,2.8293754494876078,71.56348761206074
501,2.8227646611013886,71.46895777643533
502,2.9077271318252373,71.72805081104327
503,2.8890528058928737,71.82113939280725
504,2.962780072205788,72.125384268535
505,2.9221644674309766,71.99670755560275
506,2.92589752658607,72.06746064480292
507,2.97780939461138,72.29538770388369
508,2.9326171915869748,72.20442169782835
509,2.963393246137246,72.28704081379708
510,2.93635346548329,72.34114555929719
511,2.8932023210441913,72.23387491030743
512,2.8839623603290545,72.22641071090897
513,2.86646766519782,72.10698908287866
514,2.897184303123665,72.36993133258007
515,2.8598450369534976,72.2727882148473
516,2.882458417895104,72.30548638777974
517,2.835708810886665,72.38870760436676
518,2.87144235323065,72.45115393746798
519,2.8099569739635495,72.24266548344839
520,2.8733204615604673,72.40989776746974
521,2.790817300839203,72.1152007412051
522,2.8440073542050026,72.37933014203556
523,2.8142239178017054,72.40971152803829
524,2.7923517767074113,72.15952714756112
525,2.783979493087752,72.16348000696992
526,2.8412979894508923,72.43751928891305
527,2.846488494983411,72.4357326257483
528,2.8090773449336828,72.33637140515035
529,2.886415144866646,72.59949992863274
530,2.9053425143093654,72.73852765830752
531,2.9152890619396334,72.75322980799828
532,2.89740463142875,72.63320535438645
533,2.9622540844042886,73.02531982297745
534,2.929524078021514,72.93126911568106
535,2.9685359701386425,73.0409080618611
536,2.9609403557341794,72.98133370797508
537,2.9445405670838154,72.89818381189266
538,2.9763514162684026,73.06630788245653
539,2.903177267755895,72.9496057049283
540,2.9607136454824396,73.1027411214524
541,2.9012926109347346,72.93560170784946
542,2.9096773876074224,73.04181316904743
543,3.1469983059767506,73.673284785105
544,3.152302585115565,73.67372069373499
545,3.152165118363544,73.6603780951218
546,3.1702645711604722,73.81533003960742
547,3.0552871782155826,73.5453542316355
548,2.8370415027560334,72.83976543530743
549,3.0967004614736906,73.56542915132016
550,3.13447059124769,73.6999518074702
551,3.1060616234663856,73.47208874772532
552,3.1012675880547436,73.57435678780575
553,3.15018736742642,73.66039483550291
554,3.160992802657828,73.67889850348146
555,3.0872837211047615,73.68211447569283
556,3.2256929915246735,73.90298645531794
557,3.257878402932055,74.11684288166364
558,3.2354015039561874,74.00993633576826
559,3.1322491682760183,73.92775323878999
560,3.218624024223305,74.0062458754997
561,3.2792816005733187,74.41809690414027
562,3.263105317291378,74.20566956428199
563,3.156768594727198,74.12108530098104
564,3.209837257167947,74.02792460675671
565,3.163141981885414,74.18696292577715
566,3.2724575736832677,74.27919156186452
567,3.1224278664608707,73.97448130223844
568,3.2078341455616495,74.09782659569271
569,2.950607774658375,73.49821598065311
570,3.1929977647262207,74.17767444699278
571,3.170051380699691,74.11909317798427
572,3.1071660657667817,74.06279540524805
573,3.100202021273694,74.13324899148716
574,3.1138278976922273,74.31552458049487
575,3.1811448813339678,74.45163370205584
576,3.1201048631571804,74.0724018965938
577,3.0754464597415723,74.24644414227123
578,3.1405268766300525,74.61051131882233
579,3.1861698649776358,74.717404766367
580,3.156998640134263,74.68758252143773
581,3.2385741871130183,74.74479970513725
582,3.1839695992897212,74.72875888622488
583,3.2299600969311837,74.82442846787912
584,3.237455799074536,74.99847327672842
585,3.1783259130606623,75.07364112982916
586,3.1764028834664875,75.05275953619571
587,3.2535955996140524,75.23482760042124
588,3.28808752289397,75.51602339256519
589,3.23067558731194,75.35160572965503
590,3.288534534004084,75.64632580842303
591,3.2934781555482253,75.53462800311097
592,3.289734720162163,75.68823653602328
593,3.295285380901807,75.74235881078907
594,3.277633306054167,75.82445349487134
595,3.238634622578255,75.97056529857484
596,3.3397686093014034,76.10055621450432
597,3.298778865271196,76.0428080562232
598,3.2854340373532263,76.1815955073176
599,3.3045833359517105,76.1706888140508
600,3.3063663579447438,76.20862793268324
601,3.3160992437914163,76.41386505066181
602,3.3830441245682015,76.59174713045469
603,3.2835346081569003,76.32680209662803
604,3.337884748994861,76.59896749554356
605,3.335914395267156,76.70351936645254
606,3.2809289351450954,76.57622281637674
607,3.299178864583178,76.71300229722274
608,3.274375146714957,76.81488555237883
609,3.355400712315428,76.87664567317142
610,3.3449418581502877,76.84422622398557
611,3.394447286459593,77.013440021323
612,3.3291412303760137,76.93410680934755
613,3.3361445673359618,77.01529854975347
614,3.3090943211875525,77.08866093841611
615,3.3798002120068413,77.4457720807609
616,3.3489516788114275,77.1722128065608
617,3.3353640100864212,77.27073948186566
618,3.313369681556756,77.17712352603057
619,3.364015779603604,77.42267444515261
620,3.356902999712738,77.36234618485314
621,3.4608395464225454,77.81920407465043
622,3.3892836003204034,77.50392085653006
623,3.3877692508484953,77.64824683651315
624,3.4326746152712104,77.71060463773465
625,3.433547673143543,77.83336838775553
626,3.401634358788278,77.8543406449914
627,3.3706266871392154,77.82300896543532
628,3.438866882566686,77.87778937998387
629,3.478742881996317,78.09603552257911
630,3.4245551715134916,78.12858118205875
631,3.4337189204365584,78.13903088158153
632,3.3164513399101634,77.95023948842007
633,3.368677467638586,78.03146743072689
634,3.3633174274857724,77.99276930856502
635,3.316046719668115,77.80122575061336
636,3.3776979619296412,78.00895321388516
637,3.3323828181278246,77.97902260223016
638,3.4628721175935886,78.25575044159929
639,3.4472460825097744,78.29692002383543
640,3.416109691205505,78.36338078774362
641,3.4190305749437058,78.19685671473415
642,3.422826805044665,78.24933627561367
643,3.4229867673622913,78.16147925665959
644,3.462553315338851,78.24738658905679
645,3.4539200996783017,78.33179869328977
646,3.4816842908967742,78.65503972999724
647,3.400366632487617,78.47948398163598
648,3.425844500001341,78.43589661518801
649,3.431374335873647,78.4586103405877
650,3.3377857633097747,78.22303896967573
651,3.4033369375664164,78.41119464536615
652,3.347468048786341,78.36059334124488
653,3.4085612605891322,78.62112372446265
654,3.3323731546070277,78.3238322393295
655,3.395668017006746,78.63008809969074
656,3.3935107794674186,78.45142663849472
657,3.3187417764438107,78.39709954701478
658,3.3426090434098805,78.34236504996836
659,3.3815878535152297,78.46400184830958
660,3.3750453524532515,78.45222422677809
661,3.3572716185482934,78.51072935050802
662,3.414308436012366,78.77460767411856
663,3.455598791958939,78.83407084712265
664,3.460150688873842,78.84721244617195
665,3.420991174711314,78.72350489453703
666,3.4472885910311035,78.66913811597814
667,3.4176686085476753,78.75343382072055
668,3.4461991413307134,78.61109681583861
669,3.438643942366109,78.90036689767803
670,3.5244510350679197,78.97217465779943
671,3.422374732042091,78.8388354514535
672,3.4473076608835247,78.92376836524356
673,3.4131741133394766,78.79322774784671
674,3.409890132786427,78.87315717985565
675,3.373479694401998,78.84240842258217
676,3.3208463069270984,78.69645041385714
677,3.355073189366343,78.69032470279244
678,3.356690041739652,78.79412338531965
679,3.378441023065907,78.96823443988197
680,3.394859843183035,78.83681618934128
681,3.3625631056885252,78.76268654549091
682,3.396308336733115,79.22218000371883
683,3.445293381752396,79.08931198209602
684,3.461331443018982,79.20040008662122
685,3.517767698793145,79.40979752668036
686,3.4260519074631515,79.33665915864117
687,3.4458568187367704,79.41567704909164
688,3.559981182416202,79.97122693471925
689,3.541147464587793,79.69939226467397
690,3.5552127328721417,79.9619124518633
691,3.4904349563368076,79.6659677390407
692,3.45570489169579,79.78880115063879
693,3.481822655520346,79.99354468134267
694,3.446126627013049,79.89927394650816
695,3.5584984802461954,80.14495996837022
696,3.4666088919375064,80.171638833109
697,3.4691693548644915,80.23877790000356
698,3.437600608678997,80.1787359446846
699,3.430746321596033,80.26387310687926
700,3.407121664415396,80.25805206732414
701,3.438895776978063,80.42570661534586
702,3.432108434351114,80.44208273645192
703,3.49258519640204,80.64834926839966
704,3.4614375848046657,80.55418229559884
705,3.548892655330787,80.59776727568664
706,3.453885055049088,80.55939388586104
707,3.5500782595070537,80.99017480606935
708,3.5445095006742164,81.08864621881419
709,3.583277826970055,81.10973686836087
710,3.563160051309059,81.19309333356003
711,3.605950498594356,81.49864461004285
712,3.53981964706422,81.11077848709515
713,3.5826195134773844,81.4178717587453
714,3.610781584247426,81.52684968579875
715,3.6339590079572974,81.46635532697185
716,3.6079481139350738,81.48263038567725
717,3.571177530442598,81.80041960143029
718,3.5753986032241225,81.50783834655077
719,3.553836003520269,81.65762356371435
720,3.539617261145014,81.78334527374435
721,3.4542988685139533,81.50648758985251
722,3.457661969632911,81.63343780965228
723,3.4765044974967263,81.50033156885839
724,3.5958028598811023,82.03166567138516
725,3.5203021291762386,81.88841010602823
726,3.408826838737181,81.68378439254892
727,3.36407187799275,81.49917451571565
728,3.586505604826949,82.09151753763042
729,3.5722311517097736,82.10378046618044
730,3.5911894381895033,82.20484859749357
731,3.6001034907008984,82.1943970306889
732,3.616781204224266,82.02277096275088
733,3.657125280426856,82.43716210828615
734,3.621957282693067,82.41713403420346
735,3.664441560708028,82.51813489989026
736,3.614181465501304,82.35247012474746
737,3.6466786563636577,82.5769172890146
738,3.6021036742442516,82.67888614440139
739,3.5757111293533015,82.56041701313347
740,3.710728197215383,82.82384942061387
741,3.7191466669496034,82.96836061174638
742,3.688075732289071,83.04244588826208
743,3.5539997391697415,82.64432836141542
744,3.520327942600318,82.49280990342453
745,3.4970469009454956,82.53991704913958
746,3.607561356545068,82.69488279348417
747,3.4598530751029277,82.45652216865686
748,3.5623555027895963,82.60806932910135
749,3.4418208815744094,82.53250266524621
750,3.4580184126923794,82.53225317466323
751,3.447575561968722,82.36917052781537
752,3.5711808974473818,82.71358474087761
753,3.6113992530263896,82.72381250811713
754,3.5242152240799256,82.63557444646376
755,3.5889350376076647,82.63843977699084
756,3.6410681363252553,83.20626228112037
757,3.700514956003734,83.12228714559333
758,3.724386676046304,83.03166817460766
759,3.62492136982743,83.04452669207274
760,3.731649793344693,82.93568429820213
761,3.706011197048594,83.27316276686098
762,3.648244972670924,82.89455673887757
763,3.6320436852844176,83.31855347339425
764,3.6306248816008133,83.63912310510798
765,3.640679073009989,83.3263444595786
766,3.685184750471104,83.30854682651385
767,3.637307807388318,83.07390655847733
768,3.527912250372046,83.17745903397298
769,3.490627078364822,83.0714567696862
770,3.6341378907540527,83.25667643840458
771,3.5967727278844643,83.35716426320604
772,3.6395676132349415,83.63030761795866
773,3.5640487102344838,83.52055223088102
774,3.497733174474923,83.39689594741516
775,3.603331953904325,83.39592879285173
776,3.6937361732372884,83.85059152571132
777,3.696049092394828,83.73451821643894
778,3.653816229288079,83.6551957270487
779,3.7038693319168643,83.85625238613052
780,3.820480059586527,84.20712191401536
781,3.8043133071155038,84.07788131762695
782,3.7113055651561946,84.0790060007357
783,3.8241448911915747,84.31496827489113
784,3.8272272517307777,84.35334407681073
785,3.828251308601768,84.56229764252711
786,3.853178482631504,84.51951514889141
787,3.859688538772256,84.5929804860381
788,3.8148006445876645,84.60314791131754
789,3.726440163543234,84.70992690139425
790,3.777669476858608,84.57419251339637
791,3.689794272274677,84.54092810094645
792,3.6997399665336483,84.45168217329962
793,3.6365895376227293,84.65051725770353
794,3.66788693999162,84.42586644920151
795,3.61590726633344,84.4124664752715
796,3.728036654687631,84.95085789424145
797,3.6697805072782947,84.85451992689958
798,3.7652606025276643,85.18067767919398
799,3.72972503205027,85.23970447752939
800,3.5958576065756245,84.63704267120167
801,3.680543492604611,84.89345904966723
802,3.7885496811977557,85.24210463674578
803,3.7653152892706596,85.3251078358971
804,3.7175090551185845,85.21392827083065
805,3.818915465886205,85.61551172971292
806,3.8886452214027036,85.93540315721796
807,3.8408474299997906,85.75097744091508
808,3.8877109547632998,85.79461463797476
809,3.9318265231752267,86.19671463705671
810,3.880366037996993,86.22104437921276
811,3.842930653478718,86.04612078181218
812,3.931080793130538,86.15676143155162
813,3.8434228425028056,86.02679283390634
814,3.822692777755703,85.89681694629306
815,3.7514605650582618,85.84706658128577
816,3.7685554826064576,86.04282871766999
817,3.822086889106563,86.34953314044955
818,3.742074031157473,85.87505613743862
819,3.6830092857487986,85.93157802069916
820,3.674050114717693,85.65278863070891
821,3.705355962761476,85.8651715198966
822,3.7163572691884377,85.9661186325393
823,3.71266516099626,85.9501853953692
824,3.7226642417417377,86.04846164964853
825,3.7814061203801734,86.21858720336067
826,3.8725976851982686,86.72873329713505
827,3.825446745223808,86.57897292694174
828,3.96941975095733,86.93881137683059
829,3.930394317619713,86.594707162271
830,3.927072298417048,87.01032789333252
831,3.9582382625854113,86.90628032237831
832,3.825499257199714,86.56159722940237
833,4.006879299628437,87.32576941626685
834,4.014494947885678,87.39342835621787
835,3.9947460538551187,87.21787053219015
836,3.9046952869188907,87.26738251944083
837,3.8250875142478575,86.91223493787281
838,3.949600499058718,87.30290162836341
839,3.93713723696248,87.27953475614761
840,3.957730496970355,87.58810711043975
841,3.8700549371200363,86.97601575261396
842,3.8266411533674387,87.03421400962728
843,3.8571198827565603,87.05225727489665
844,3.693439543577227,86.70827604190025
845,3.6970427747756625,87.04859404398482
846,3.717185125858869,86.87984519013416
847,3.788799786005126,86.95610745193638
848,3.5717786045499227,86.51819580871226
849,3.9459406500481498,87.23905171021893
850,3.906209303039151,87.66113045337347
851,3.7153280558368227,86.72738831011267
852,3.9559725257147216,87.46407266063213
853,3.9314738703895755,87.78776106190719
854,4.019647137060755,87.73291388938621
855,3.956443109754625,87.84214161423601
856,3.980577097221404,87.74341815750151
857,3.994074688224339,87.94130225257793
858,4.027557932719066,87.97498305341897
859,4.051125106003677,88.28913009411522
860,3.9413788831703704,88.11397688985247
861,4.088201160692435,88.4071137267559
862,3.9996445269085363,88.22165867236896
863,3.8634589578491623,88.13784109403541
864,3.945429428261199,88.36790350621986
865,3.8528520480404684,87.98410075031276
866,4.055240833824496,88.85461187275918
867,3.852322366241125,88.43668667144601
868,4.092867888611798,89.30833844634265
869,3.878185222297344,88.39363326570358
870,3.857444387542955,88.85475373821996
871,3.8161844771395335,88.3755320240976
872,3.878355428447627,88.57798761457457
873,3.897637641746325,88.64328156466004
874,3.885756799904396,88.79312733425095
875,4.008440402607869,88.85703716168052
876,3.866490421305787,88.75107431814361
877,3.7943079454912443,88.53428727058585
878,3.791055982073885,88.70937592284008
879,3.8834102273001347,88.94960390048307
880,3.82452574340089,88.52268758152168
881,4.026762129186384,89.43144148086238
882,3.889479524987654,88.8204550705917
883,3.8174227584512805,88.924901288485
884,3.8789416048779537,88.96219339353244
885,3.9719686178441447,89.42463499593737
886,3.9131781440316304,89.21425437752686
887,3.9348360007131227,89.39416823388346
888,3.8942397042930716,89.49166416272816
889,3.8973965040046603,89.58397635599545
890,4.000273837333681,89.86062910010803
891,4.167730193827544,90.29410778544796
892,4.193040123114321,90.5399450380796
893,4.212648177632745,90.5689808233852
894,4.1689893921325964,90.7643132729382
895,4.013470617053288,90.21227688273547
896,4.277313473940459,90.84958318925682
897,4.24274895169828,91.00501602681746
898,4.027830992255683,90.31513423364105
899,4.02040123539763,90.34550560463234
900,4.002924866376128,90.31032776030135
901,4.221210216232274,91.06911664482061
902,4.053538271484467,90.56693541697508
903,4.035713523264645,90.64815947322714
904,4.027063754733862,90.7096924303916
905,3.9432132196674776,90.27798728480023
906,4.175660432514972,91.17137191502283
907,4.240972109441644,91.17849746244819
908,4.08951715373659,90.68448132619721
909,4.26325532014722,91.2059144730489
910,3.9432215188738997,90.60089025971288
911,3.8693897731913873,90.21752116920091
912,3.9306022348826994,90.32336890004173
913,3.893866996146169,89.74745838236734
914,3.8632446054314813,89.99922928307616
915,3.724474462435705,89.41029380216742
916,3.7042665060427136,89.41481003560898
917,3.744310879110903,89.27483429523504
918,3.681769970410574,88.99075505886482
919,3.669850795078716,88.90109730786834
920,3.7116964858286825,88.86857504028428
921,3.560950032099289,88.34428316577811
922,3.741453243453331,88.72672945370216
923,3.9645622643599507,89.44294958427786
924,3.9423806608549112,89.34519621903141
925,3.908039550070782,89.16300882317738
926,3.94902116214124,89.36929828547535
927,3.9498741043441643,89.3054088956045
928,3.9443552534294755,88.9378828633666
929,3.947116623723361,88.98917477336727
930,3.919531865840977,89.03245264884985
931,3.942027501416099,88.9451584591507
932,3.937823074440603,89.6188183875549
933,3.964477368972402,89.15613076007865
934,3.942875268357876,89.23905017572342
935,3.951495823410498,89.22610531913351
936,3.9778927543985643,89.35663172798725
937,3.959361212261973,89.3321886519991
938,3.9050998353132225,89.09880216014827
939,3.907854665702884,89.10363810562374
940,4.004688664980175,89.55707889323548
941,3.9878684157532174,89.52202596492741
942,3.918800103415765,89.38975202532397
943,3.886003454705014,89.29624452933994
944,3.966264165798086,89.2935162173932
945,3.974289331619237,89.44612917228434
946,3.883428052117997,89.1624373681915
947,4.021409347868951,89.49828454696456
948,3.950287001106988,89.35815633063498
949,3.9228473862594493,89.2808639864838
950,3.9033450376285606,89.03635635972071
951,3.9663664078590664,89.4148444592091
952,3.9806681416417455,89.37751178476775
953,4.071837085937527,89.60523150440943
954,3.9037907207451696,89.13021049439907
955,3.9412284598382556,89.30638321571108
956,3.9624768500976226,89.33372262626202
957,3.9231158709666643,89.25759251008607
958,3.8639134367518984,89.02905037055213
959,3.8663338746933484,89.07767903839445
960,3.910506979064816,89.26273631062136
961,3.9070841688770117,89.23189086997898
962,3.8559571960945536,89.06344131059961
963,3.8680219542209335,89.13946887402369
964,3.8760484669873563,89.32726965348097
965,3.8866859074413487,88.78304205018864
966,3.9546052090014676,89.4904604528875
967,3.95225694839878,89.21071284055945
968,3.8410922969199452,89.13088080454013
969,3.88162154996006,89.25490055421926
970,3.9342920353198516,89.2188271092469
971,3.9825373493939793,89.47881641434496
972,3.828269682613137,88.93788420874893
973,3.9015147228358917,89.04806946237285
974,3.8207065849287694,89.00645837328518
975,3.8079989443439386,88.99279173328904
976,3.7890241808934673,88.89749657639594
977,3.9578983901660325,89.17753642853593
978,3.833313232677619,88.90693786075245
979,3.849983584444536,89.08782550920232
980,3.787587710995942,88.70190981077387
981,3.8250548843478867,88.92466460378407
982,3.8815393908078852,89.01172905318255
983,3.8824169760031637,89.25430581199471
984,3.8862687589495466,89.08645951606965
985,3.82497254832166,89.01307992764266
986,3.857756676793221,89.07086759834385
987,3.8584740560563158,89.03604768794926
988,3.8659424773485007,88.92424988259727
989,3.940641594144586,89.49679841129911
990,3.7374466811591422,88.60666139506547
991,3.8219861300954996,88.75031907589714
992,3.7764655663465847,88.8388186987784
993,3.765778394848877,88.70926741238912
994,3.8120769030932804,88.83742713730128
995,3.813230495801666,88.89811596801307
996,3.763108150032789,88.87481577865545
997,3.825691776171669,88.98159783054028
998,3.838337046115408,89.19179054912615
999,3.822291332055166,88.74217536780877
1000,3.935268754719557,89.1948021934545
1001,3.8881996001697656,89.12693760031574
1002,3.820576816972775,88.78379109533968
1003,3.886629358143997,89.05029946057319
1004,3.8722202183149053,88.96124982698015
1005,3.8240912016876614,88.86414645198722
1006,3.8537358941050877,88.84169214590912
1007,3.891721183554594,88.92779282660065
1008,3.8192020828599906,88.74896091089083
1009,3.707381079947158,88.3563101476205
1010,3.853577938017386,88.84117162888398
1011,3.816118203201138,88.70527175146417
1012,3.890664809997363,89.03555284859638
1013,3.8303294351226107,88.90643673679037
1014,3.875126236593094,88.93170914827888
1015,3.8379396660378595,88.80194867879096
1016,3.8755804910518634,88.94996347898739
1017,3.8132638091060578,88.95620055586313
1018,3.896904948899853,89.26352139335323
1019,3.8946963006962227,89.23760801816178
1020,3.874538344883917,89.05865767771006
1021,3.890368253387386,89.36183362537302
1022,3.860681604694465,89.1369794637601
1023,3.8392227715597014,89.19583454425998
1024,3.8882639372349517,89.4216227924333
1025,3.9179314321901257,89.53773804643318
1026,3.8939691250444186,89.52342820853698
1027,3.9148789049037966,89.60724107826911
1028,3.9441387179273746,89.89804090881928
1029,3.9180577643641947,89.78827937946213
1030,4.013473247139574,90.26149375752085
1031,3.9561657543099513,90.04910069743809
1032,3.9955838875837983,90.30272153317635
1033,4.003112228930356,90.50685546016867
1034,3.9820036842372737,90.3950180714824
1035,3.9894973710948265,90.38898684814131
1036,3.9664798993534474,90.225639185978
1037,3.9615655169744013,90.38912750657128
1038,3.9994903235839523,90.83617804275963
1039,4.021869822358887,90.8600759187649
1040,3.9538138733928307,90.70725040515136
1041,4.092206779734562,91.03492182956929
1042,3.9568940143037072,90.69761055009022
1043,4.012971594955464,91.0396308328038
1044,4.059790908021997,91.17492966055332
1045,4.001810450902169,90.96466204857413
1046,4.0566125428438475,91.24817843463912
1047,4.067016432692233,91.3917171979182
1048,4.042293522794706,91.42502162659254
1049,3.9091477979289784,90.72830133160389
1050,4.075476697306476,91.49027083709825
1051,3.899817580430857,90.6990538494476
1052,4.049559173240263,91.4354733176503
1053,3.950280895830521,91.16505449289063
1054,3.920100459125376,91.48080739751134
1055,4.00005841398467,91.40519774839179
1056,3.9594081156756236,91.12700202382096
1057,3.9933533655040123,91.39287747856666
1058,3.9746225194781504,91.67279619105126
1059,4.02381364971678,91.49746705655855
1060,4.099317879549939,91.97125112933524
1061,3.9998763550234644,92.00792213165072
1062,3.918765722482061,91.70755528633329
1063,3.9338296339129775,91.65040836791837
1064,3.8931169136667894,91.65913614620446
1065,3.8924515657859216,91.88004097369696
1066,4.002719160286226,92.13788435896355
1067,3.9714232948913257,91.56707787481409
1068,3.9623314974165633,91.89545189928293
1069,3.9607396093750324,91.88725715025922
1070,3.9046336709320535,92.02669441661475
1071,3.968541902599404,92.33323985277197
1072,3.859635559290743,91.86546285648086
1073,4.000808270838313,91.99558634606488
1074,3.894050003160727,91.7217683847218
1075,4.043200489271961,92.44850965856222
1076,4.023872239344452,92.29568133854174
1077,3.98497411292335,92.44550630611093
1078,3.9058801575148565,92.04681487815012
1079,3.9891375243661398,92.09877327986631
1080,4.022185742393342,92.35365127717978
1081,3.947205028195736,91.98666655815886
1082,4.015059582284253,92.06660335036551
1083,3.8978883962777413,92.10110369333837
1084,4.006754190590709,92.30428803462016
1085,3.9935726506674576,92.2883644752018
1086,3.894566042594644,92.1955009705423
1087,3.9495872392768714,91.98622823522886
1088,3.896412915381703,92.25540273896141
1089,3.9064978945032647,92.31972982967808
1090,3.99389921424905,92.0210337425449
1091,3.9519433678439526,92.23096728215323
1092,3.9926306112992456,92.54051106816236
1093,3.991214706092659,92.64210321255383
1094,3.9791778886020244,92.62042041182042
1095,3.8389456760762375,92.3247459198381
1096,3.8304677136687997,92.21016610941479
1097,3.90731727329947,92.07117305211477
1098,3.867825678438954,92.24671868669745
1099,3.7832671917150567,91.86759914236497
1100,3.874979117075772,91.71234699106678
1101,3.902068791750624,91.90442629385515
1102,3.777161535855663,91.47560770375809
1103,3.8909775560779365,91.59773300651932
1104,3.7994983886380393,91.79639799842029
1105,3.7485620612605106,91.3257062305661
1106,3.781893826834162,91.42080505577474
1107,3.770831488427058,90.56137811100561
1108,3.617454151166946,90.21290100364378
1109,3.7483967108280756,91.20373532512619
1110,3.6598323779810924,90.33276596287638
1111,3.6934105119777674,90.30382229389744
1112,3.6423392437741273,90.07525532207772
1113,3.6609010943557254,90.11152303662519
1114,3.6916622969328095,89.92235530198988
1115,3.6352404708991033,90.04117488892653
1116,3.730940223130557,90.29551027184048
1117,3.625902474498968,89.91997799948106
1118,3.8031907470576547,90.95593902604074
1119,3.5945964731518805,89.97630460329012
1120,3.6470932070588744,90.10457339612127
1121,3.643338194197826,90.18735036572971
1122,3.721664737499075,89.9987279862266
1123,3.600040663090471,89.81945570766725
1124,3.670854447951576,90.06205050204491
1125,3.7004460138415434,89.74772653745529
1126,3.756812282528074,90.06698754509024
1127,3.6946242751991996,89.64192673226334
1128,3.694785942478348,89.76225131056447
1129,3.604461696474665,89.81607648609095
1130,3.7263953744080025,90.88140738478768
1131,3.8114159710641964,90.83742645994423
1132,3.658089865075079,90.0453829169499
1133,3.666856980388477,89.6431989651661
1134,3.7042002356797203,90.70877631258676
1135,3.7250777676475746,89.86190900799886
1136,3.761999671831317,90.94862190811182
1137,3.7908309437752545,90.53100862923083
1138,3.733355052523066,90.66468970196667
1139,3.7331885546447485,90.45134607119981
1140,3.8296356333584822,91.01822495395089
1141,3.818313258770298,90.7273911240384
1142,3.8687732052141377,90.92822445823445
1143,3.669742156714137,90.45182506159217
1144,3.7970631049356576,90.73996534191839
1145,3.778140776988221,90.76920885179592
1146,3.7072060114114227,90.61847195476152
1147,3.7892744045161124,90.58081188785835
1148,3.8037470182708493,90.32350029742645
1149,3.7411777959690506,90.32886036253183
1150,3.744547279657682,90.1724032496563
1151,3.740508116720064,90.30246232593744
1152,3.696702673092227,90.3177030149759
1153,3.8839660174870194,90.7166827530425
1154,3.7362159595020996,90.07519530409427
1155,3.6486991381160174,90.07754047715734
1156,3.7550273813638517,90.66388657051877
1157,3.6769217243865855,90.20235204685024
1158,3.6631358238839806,90.11515659074617
1159,3.694517392000611,90.22239185209138
1160,3.7120133620413114,90.21774443225912
1161,3.798860042559578,90.51533133145085
1162,3.8189333976643858,90.46729275781244
1163,3.831940532024984,90.58069373454752
1164,3.658806515411403,90.11838734222499
1165,3.7114701401212575,90.42790194203798
1166,3.75270734362935,90.46055986533175
1167,3.648661699215426,90.0913289312048
1168,3.8112864801905397,90.57444103603444
1169,3.83872626622636,90.61112489837714
1170,3.801527465536605,90.43295258095766
1171,3.8081343935288783,90.44882131944448
1172,3.88171456489868,90.77161030476016
1173,3.6499712652551763,90.24832547891991
1174,3.780162881740445,90.43178874091217
1175,3.7571336572318357,90.34894564356686
1176,3.7289549603668624,90.46993426461317
1177,3.7851005220338334,90.7665212937148
1178,3.7786009436644825,90.42161146935337
1179,3.858117526347024,90.55474833735259
1180,3.8556353809285815,90.73361223811396
1181,3.7963947441341963,90.90390428184789
1182,3.7511235223637294,90.56949163576768
1183,3.7631641157460773,90.87264921119883
1184,3.7587175544339235,90.89486402173839
1185,3.7825953449802134,91.34970320608052
1186,3.782237693838359,91.17559808424049
1187,3.7704670749130416,91.39375094830929
1188,3.913541677647191,91.40974254161152
1189,3.925461565207632,91.73236845987007
1190,3.791563645433114,90.96198149464495
1191,3.921456167339715,91.87373570857702
1192,3.866144224523577,91.74346215048567
1193,3.872046837197532,91.75029297036824
1194,3.9653821060331684,91.86537211694689
1195,3.8878416866386853,91.87559616894968
1196,3.9868341103288736,92.13816120262598
1197,3.934253574356867,91.7392839438819
1198,3.9954926816452585,91.99773690495782
1199,4.030523053596749,92.31665887968508
1200,4.015958791268191,92.17562541322374
1201,4.010623330879668,92.26814320926064
1202,4.041388528817578,92.30828026636834
1203,3.942480476305056,91.7579285851195
1204,3.8959956259522492,91.86249691197598
1205,4.030637649522345,92.35728271236522
1206,3.96339931532935,92.13801690144757
1207,3.9414643982958726,91.72892202302027
1208,4.030253555907967,92.40090417832131
1209,4.063219136903041,92.66682928979068
1210,4.088235755139421,92.61917146081558
1211,4.1214460736287695,92.8834204297282
1212,4.127447834589773,92.88529127816533
1213,4.104801606789189,92.69069564475953
1214,4.053066423715107,92.61553095530073
1215,4.058135183960314,92.71044205254032
1216,4.121375684876909,92.81600220730117
1217,4.076522912738508,92.67314202678648
1218,4.049229666479238,92.56616051565273
1219,4.110013122396929,92.99610601655817
1220,4.121675236040201,92.85754858877621
1221,4.17532510068491,93.23677162834801
1222,4.1219320250494365,93.01749373074266
1223,4.0462503245808135,93.22445146773227
1224,4.1337242661668565,93.01790750514907
1225,4.123001287180496,93.12259137934926
1226,4.113752799982519,93.06918494456794
1227,3.9784971821171218,92.93923510356562
1228,4.114321389130917,93.11519165551232
1229,4.184026614952109,93.34192247627253
1230,4.104995645322522,92.96023499160255
1231,4.069359472899457,92.8433125901338
1232,4.135814876359068,93.22219496456306
1233,3.964048468468,92.93260292457569
1234,4.122027378300035,93.07680800174394
1235,4.045588578858975,93.14264062930897
1236,4.171232834457269,93.42318932732165
1237,4.074137381117332,92.94300029224341
1238,4.120560844127093,93.19944708283276
1239,4.1349673307418335,93.27011075035871
1240,4.101909393007177,93.13019896952972
1241,4.094900564440508,93.0609134016954
1242,4.125505467737258,93.22001063160457
1243,4.023750918867023,93.227409063549
1244,4.134406961749356,93.45603962315137
1245,3.982930335859988,93.03028558743856
1246,4.001500545153093,93.15668406279384
1247,4.107865708634736,93.14293401650487
1248,4.051718936239056,93.38492152214326
1249,4.087539721940331,93.09978097900134
1250,4.1148695993671645,93.28175145229021
1251,4.086236064772985,93.27250471998445
1252,3.9276885048344905,92.7466396187523
1253,4.030544181526976,92.70569622588035
1254,3.8342935101328943,92.15133782550772
1255,3.6477816560625023,91.21135361854417
1256,3.5274666848773175,90.2941996785459
1257,3.8598519044601005,91.70094158772854
1258,3.7666397083435186,91.67539461678406
1259,3.524499969666031,90.77793247417665
1260,3.8434779985261236,90.77626430451146
1261,3.683106297662038,90.27473625620426
1262,3.4903700816751955,89.39214220163007
1263,3.3349802200938696,88.82371478531769
1264,2.9678450223976984,86.88591193192225
1265,3.372494646001964,87.44270793383616
1266,3.433916124214733,87.15713868511448
1267,3.391791193150942,86.86350267552135
1268,3.284855874815238,87.16643992866936
1269,3.4558902241667444,87.24406454845732
1270,3.461982875871557,87.09056844609266
1271,3.4032444274751605,87.09409439028865
1272,3.4321968665711724,86.816353862479
1273,3.350534222953686,86.51356312987605
1274,3.417862544803106,86.83462687538626
1275,3.3489368467000697,86.4727599093472
1276,3.3531054772316913,86.32415610222138
1277,3.3921798599640605,86.39355755214757
1278,3.39804224576698,86.16086701510174
1279,3.373547163564823,86.33443807899245
1280,3.2560194935410154,85.52833433980972
1281,3.283653196964062,85.50142682070663
1282,3.3498430676140045,85.6771717716784
1283,3.2519787261332507,85.04077989093139
1284,3.2659655280541924,85.12844748947761
1285,3.2965453506382207,85.1349927409657
1286,3.2592454247028626,84.88581015595257
1287,3.27907897877688,84.77601305803108
1288,3.3047492867630752,85.041677357256
1289,3.271496673106636,84.85058942313142
1290,3.247605002666957,84.61546554640279
1291,3.243765571032196,84.52043450612965
1292,3.272254232309137,84.37533487392191
1293,3.2188284726457277,84.17769919324682
1294,3.047847714418826,83.67405644923426
1295,3.0508402655871185,83.55797058393817
1296,3.1027174065794707,83.58729674372886
1297,3.1191760633895225,83.66154801536285
1298,3.198915543961211,83.81818423002147
1299,3.0495748174330717,83.36651146828416
1300,3.067431956093019,83.34612434806769
1301,3.0391257391134827,83.62216735147926
1302,3.205249596138689,83.84144922719526
1303,3.040444213985805,83.0314957410499
1304,3.2219392660364665,83.4903110789584
1305,2.995833254387667,82.57136338564058
1306,3.0373224465724706,82.96635620648337
1307,3.050313878872338,82.89858023310785
1308,3.0677013302619796,82.84238201331738
1309,3.258092203556897,83.32989231961456
1310,3.2588409826753835,83.51081184365093
1311,2.886235007906122,82.10134195627182
1312,3.154736522398801,82.67170111150274
1313,3.2103000239359676,82.97201507068986
1314,3.1914257159812296,82.52062114097747
1315,3.1812541891870305,82.68297146754581
1316,3.2188109137715717,82.60967957720634
1317,3.133359399366964,82.2114678047799
1318,2.9635250458150613,81.9768670025221
1319,2.954100767961255,81.25538433356712
1320,2.999795597630303,81.6580357749145
1321,2.968324656723332,81.79897407403962
1322,2.9663043395241977,81.32962931414811
1323,3.0180717017451486,81.87755265147895
1324,3.1640266791524003,81.7547332299555
1325,2.9670478125423045,81.5080820992829
1326,2.9253558076509596,81.0679328771615
1327,2.898673910776463,81.07263179071924
1328,2.8776847998382546,80.86425282361513
1329,2.7532506089033917,81.2130752207132
1330,2.888927651139411,81.02741313492523
1331,2.8945271290502332,80.76701393784258
1332,2.7624823481509417,80.70090197768616
1333,3.1496740557319165,81.64466822015771
1334,3.136921618642312,81.45564378326672
1335,2.935591331083047,80.94320885463559
1336,3.147703080942554,81.14480543611462
1337,3.0142815926946507,81.41833233105109
1338,2.8430578430476157,80.44732096875892
1339,3.131597376721482,81.1434887128559
1340,3.1750385002027444,81.51386218580237
1341,3.120327669234588,81.42814404329012
1342,2.994454947879862,81.49261816571168
1343,3.19395163000941,81.78004944684496
1344,3.03371673419854,81.53782233625839
1345,3.1621196834860084,81.70958842374876
1346,3.0443778680889886,81.62778839732971
1347,3.169386953396621,81.67722797278262
1348,3.1583810096263165,81.88326753563248
1349,3.225057323821051,81.91478684405023
1350,3.172278222910922,82.02542478139081
1351,3.1387056617444618,81.779052784326
1352,3.184011611942712,81.8432022926073
1353,3.1700681940540414,82.06413060863294
1354,3.165752688005609,81.80817076255185
1355,3.091581163368915,82.02291790107297
1356,3.152211735125801,81.95381062034474
1357,3.1465579475701992,81.92600371401551
1358,3.1888140087137433,82.30667072192568
1359,3.1725072072968055,82.10512105315243
1360,3.182550607854665,82.25182298474023
1361,3.2084299481187033,82.64923511608067
1362,3.168156314031584,82.44234998828989
1363,3.1652311308064345,82.03556977418283
1364,3.2142515026670626,82.40017945446426
1365,3.2003529138385476,82.45777317648364
1366,3.1817049881586876,82.15034241421782
1367,3.205985127324031,82.7935921844336
1368,3.1659410039539346,82.41297754508605
1369,3.2249595151648256,82.4849430468638
1370,3.165036951781011,82.36500621300789
1371,3.203172290537224,82.36335270480227
1372,3.230993564996731,82.71176264252398
1373,3.1879092699474505,82.5977123696508
1374,3.1547205369864253,82.60925986970516
1375,3.1336666129868926,82.52096507526494
1376,3.1697320135907083,82.40797202104991
1377,3.175531556571792,82.53627769959918
1378,3.190900954034063,82.58540042833536
1379,3.1740739492604093,82.46438913628246
1380,3.2263270050626147,82.95545110888965
1381,3.1554371978742446,82.68942123392164
1382,3.217838178028415,82.61639406257017
1383,3.197119193381796,82.7105448808383
1384,3.2154857611483956,82.79080544408762
1385,3.2056932688361317,82.92037569565763
1386,3.1777364933117567,82.70715216922655
1387,3.233078369972477,82.85386442307218
1388,3.1942650544287265,82.81968875670329
1389,2.9870176782412785,81.98022920990081
1390,3.0958612017566134,82.05764531935873
1391,3.118728139959172,82.59083093351806
1392,3.0613288970299695,81.8437026922531
1393,3.276959287390157,82.30925996615262
1394,3.273093344629716,82.12020618849593
1395,3.224401754328221,82.12310933838205
1396,3.0963804507195456,81.92329758624872
1397,3.1622108813434173,80.61873243829808
1398,3.108336188946047,81.23564051414513
1399,3.1610769181164926,80.91217278421168
1400,3.1182735837007125,80.61925183823544
1401,2.6902915912362197,77.99282401793562
1402,2.8164204042292313,77.95687206969595
1403,2.8161690932019376,78.0103713235708
1404,2.636341991045018,77.47953290565741
1405,2.671618996582685,77.15969609751184
1406,2.6610223238255406,77.13251103178163
1407,2.5697006196666385,76.56171192334993
1408,2.713157313537651,76.47299627561468
1409,2.6705055068967978,75.78989319796085
1410,2.653162600730738,75.602558138644
1411,2.550469574322664,74.78159058582393
1412,2.4137525592061433,74.41539152904755
1413,2.4250510243102705,74.2565286486304
1414,2.4502445405531903,73.9469765415908
1415,2.504457067267338,73.73346314609027
1416,2.420188678266478,72.99706937938637
1417,2.4051770047047487,73.02708163164394
1418,2.4102550326380796,72.62554519422274
1419,2.370391251668168,72.16402474521904
1420,2.290197160009524,72.07173114861378
1421,2.222848233261702,71.55119971134378
1422,2.19242804080231,71.3039740551733
1423,2.1360472141645195,70.80373305596316
1424,2.2421531814959237,70.58085951182042
1425,2.216536446443446,70.40991791431438
1426,2.1379151800120173,70.05855577723713
1427,2.1730698905675028,69.75886291040221
1428,2.200274867238873,69.5508021563454
1429,2.1668120737315935,69.40145030346355
1430,2.1384440861773086,69.03265591956173
1431,2.1364525892378254,68.6953921032782
1432,2.1166500880907826,68.61199027496554
1433,2.1271815528905926,68.52152354911107
1434,2.1252687542628252,68.25496886976353
1435,2.0723349384067165,67.97731597447724
1436,2.125536543989294,67.76490565646249
1437,2.050995038127623,67.46920554746553
1438,2.08737659181169,67.15840248844873
1439,2.0153251183751153,66.91903435770145
1440,1.938966581126078,66.37946191091238
1441,1.9930576783404195,66.2413869784578
1442,1.843156733781249,65.62876957989529
1443,1.8926708761091693,65.4531345383646
1444,1.9295449199635855,65.78575406356917
1445,1.9016780107540132,65.54255563533466
1446,1.8931308250270098,65.33915146629697
1447,1.8649963840821695,65.11725846699751
1448,1.9015252432148058,64.956050011467
1449,1.915785681129596,65.000493129009
1450,1.813963208736126,64.46784230575375
1451,1.8274474101671851,64.26330604123278
1452,1.8154112826594808,64.22087002396874
1453,1.768378981957237,63.778254065497705
1454,1.7862596375728117,63.73325723976592
1455,1.7786108523979007,63.75863485987642
1456,1.8264833063057486,63.71212861739121
1457,1.8354197802436876,63.543744182747325
1458,1.8577297511958362,63.58363337515678
1459,1.7629750656807663,63.08587707470482
1460,1.7307301147497798,62.499850835848804
1461,1.8120972003599376,62.93654756889796
1462,1.7376200499851477,62.202424057463126
1463,1.7603544554159058,62.38607113310565
1464,1.761893197705743,62.233527860030094
1465,1.764465987074759,62.40740425889416
1466,1.817507711675777,62.43055079510055
1467,1.775224622372769,62.2344641200412
1468,1.7849231827427667,62.124821906718935
1469,1.7603160006092267,61.895781079942935
1470,1.738056201643682,61.586202633616324
1471,1.7647986669348608,61.77489228684964
1472,1.6975684804956501,61.27009677919769
1473,1.6803513429106056,61.15128944771398
1474,1.726882294187076,61.40996585051478
1475,1.7513776203640756,61.36133612923774
1476,1.7336284559306976,61.17320705827301
1477,1.6573253654780518,60.74279085157266
1478,1.8292738739415797,61.28305792031502
1479,1.6984995011722825,60.716719138823834
1480,1.6865425161278116,60.5718789723735
1481,1.7204714243509809,60.702128900409356
1482,1.7212693369169418,60.576598693899285
1483,1.717289251648021,60.492532102575815
1484,1.7100748178379648,60.32277143334371
1485,1.7001490078923056,60.46962832427776
1486,1.6855674309962947,60.45852153353062
1487,1.7161526694537939,60.44438203999705
1488,1.693423841529081,60.26810780079966
1489,1.6726855554858417,60.06639205963574
1490,1.6535579049268154,59.99038638991932
1491,1.7573350730735535,60.161414539377915
1492,1.711345487850583,59.952399368729175
1493,1.6960843092894669,59.93107350058525
1494,1.7310107057028783,59.83454709430156
1495,1.6885143062705388,59.56681930588452
1496,1.7072583824502234,59.64720961025777
1497,1.7203161629012926,59.57511763175774
1498,1.7196522059044437,59.549244040061836
1499,1.7285136627738715,59.350356247369554
1500,1.715529637063233,59.4253902815633
1501,1.8332273256600524,59.69443165710683
1502,1.7599243056248586,59.39477889965194
1503,1.7477403484535468,59.26565650847802
1504,1.771253662883031,59.22167753695248
1505,1.7448662837999214,59.124664853444244
1506,1.7709943160935018,59.03221543670733
1507,1.8569087048076225,59.18839921015417
1508,1.8006158473588547,58.873118860668555
1509,1.777597815121814,58.76389917114366
1510,1.7623089852938627,58.47019546497695
1511,1.7804276664281249,58.50913206680888
1512,1.749185666062862,58.27326180638908
1513,1.7562178115091158,58.06449710784911
1514,1.7664556932682163,57.89745873306918
1515,1.7351984777359846,57.707300192002435
1516,1.767321976560652,57.65920485529026
1517,1.7049936201508658,57.15482265041396
1518,1.7014068609133541,56.965653506756986
1519,1.7423220501217378,56.87230863226375
1520,1.7020230433814152,56.581889791746235
1521,1.6690507727773085,56.26005936807379
1522,1.648453138650132,55.97240675565075
1523,1.6563119539081697,55.84006238201261
1524,1.6229326959898411,55.611534095869054
1525,1.6185853946720896,55.31939205496569
1526,1.607526583045367,54.97837140241867
1527,1.5998896849921624,54.6996256369134
1528,1.5566387427922028,54.6229117016391
1529,1.59299983254567,54.44779713952009
1530,1.5869956776003535,54.29083440123395
1531,1.597756657291968,54.07830276281601
1532,1.5649218007526238,53.83966996724487
1533,1.1929486179232052,52.530099224846076
1534,1.3592237547347825,52.89234595827705
1535,1.3960057806008874,52.75798282961078
1536,1.3607144563506586,52.55959287595836
1537,1.2848769028587228,52.096821330119226
1538,1.2829549299720564,51.94551134773432
1539,1.2990491606435197,51.803821389862456
1540,1.3193403228888152,51.63142058249748
1541,1.2741533026535188,51.480532213208335
1542,1.2582796917525143,51.2922755969013
1543,1.2439506778511582,51.46173349620295
1544,1.268949730518907,51.36725582192533
1545,1.124512656997079,50.552620447792776
