,slope,intercept
0,0.6695713604172923,24.40782157550382
1,0.5866217337554168,24.18916024267168
2,0.6784729517631063,24.162402246761737
3,0.7430115295427991,24.433295825289377
4,0.827392367993096,24.652946969035952
5,0.6838082150681268,24.14174714343288
6,0.721432313773258,24.226458771395077
7,0.7287762129455164,25.48187182462831
8,0.6761606430400701,25.17886926640446
9,0.7193222358275341,25.307136385673587
10,0.6414328578316957,24.837000412163665
11,0.7329979736004335,25.230098842519936
12,0.7251229896956457,25.1795533856958
13,0.668699788162968,24.90159434183287
14,0.05952767098735519,21.93402727648926
15,0.6365455169562478,24.6285761074899
16,0.5014859002805984,19.92159422632696
17,0.7656826948434816,25.019960886915413
18,0.7249757406981041,24.839309102519238
19,0.7212118670482716,24.7763940835838
20,0.6596808710989933,24.38654770294888
21,0.6418402145807802,24.210314254628845
22,0.6510345375873658,24.84024837201435
23,0.6099550472814155,24.620889876804608
24,0.6201134281134191,24.779975321696934
25,0.6163012085359344,24.786404935777814
26,0.6125289816027727,24.701781509251354
27,0.6252637354060016,24.871426014746294
28,0.605843916531776,24.867920017338037
29,0.6172768098891906,25.117866783850335
30,0.7083980865753179,25.646537964377572
31,0.6550210051799781,25.57507059565411
32,0.6611651416080117,25.79999124085735
33,0.7699048315615215,26.46214274522002
34,0.7646199843889467,26.746138427430775
35,0.7334419958208153,26.774379376116133
36,0.7715373060518723,27.117835229322868
37,0.7581322244119325,27.444041831890793
38,0.798064735659055,27.798177015471776
39,0.889234815890881,28.3926722455808
40,0.9046543417733119,28.751881808473062
41,0.9824146217806862,29.33982899919938
42,0.9793249358561353,29.57560030019509
43,0.9606158207569906,29.811381959300004
44,0.9954700040022546,30.38708277738719
45,1.059049558853004,30.876578954162
46,1.1075418686313145,31.4439208840069
47,1.0922350031702097,31.708845779005788
48,1.0706047047660396,32.00773560925671
49,1.137831460875892,32.572809268869705
50,1.0829639594874039,32.8188635145061
51,1.093421289039249,33.236799171517376
52,1.1993760940640432,33.92840044214323
53,1.23560235099156,34.426963360871454
54,1.2421983280870028,34.77937494626786
55,1.2766369905698889,35.21404965745155
56,1.2891914984458193,35.587212887133255
57,1.3172280695724665,36.074208606362674
58,1.3324711571787138,36.37761044903318
59,1.3766019270035288,36.862419198616166
60,1.3957923154476821,37.186952824321835
61,1.4173567629517658,37.58591558940315
62,1.4232741836424283,37.83283536686146
63,1.435690353099905,38.209924395235014
64,1.5046753299827305,38.745703857263685
65,1.5108084770458345,38.920146002923424
66,1.516349630086574,39.1789274719627
67,1.4702882576674643,39.25006556167548
68,1.5185517431010853,39.74829461086353
69,1.5827025663981562,40.21643967565204
70,1.5794439780838787,40.51808020984084
71,1.5814863409738276,40.7588215962432
72,1.5966807229229396,40.98891386002388
73,1.6075679024877865,41.361850795421184
74,1.6353096277196495,41.72661679105758
75,1.6477117195078474,42.06656680028064
76,1.6553429875054433,42.26240379802048
77,1.7009833049559626,42.659647770688395
78,1.686954785695992,42.95904560051245
79,1.7074783067127752,43.27459023267024
80,1.8029477515606853,43.77665760930122
81,1.7806725884003383,43.926416358504554
82,1.7883579133161334,44.18788638078504
83,1.738753530650274,44.22595877479968
84,1.8328598989434997,44.82256641397089
85,1.7911461973230216,44.98034741973717
86,1.8339479846818716,45.393583348042974
87,1.8111138656519399,45.64515213267244
88,1.87513793053213,45.98634811642498
89,1.7764102768535834,45.90433508963513
90,1.8786366307837297,46.38818119510969
91,1.869737722848211,46.52285270261245
92,1.8612524550382101,46.785180186725874
93,2.029139797705259,47.57155204319039
94,1.9312559131045142,47.50564504659907
95,2.014210332734188,47.9672971935612
96,2.0575300546278887,48.353120028791466
97,2.0704485550032845,48.547807083062075
98,2.032441915954684,48.66300568382061
99,1.9779100152559792,48.64491775261273
100,1.9569827485292475,48.799301627964454
101,1.986864790088173,49.196025319379984
102,2.281961817886614,50.36245813113316
103,1.9797184610212397,49.591749976138765
104,2.0643984722329263,50.01207354123277
105,2.036592780112567,50.22876715598673
106,2.071449169383481,50.527240462163455
107,2.0903505600613705,50.812535018180114
108,2.386724005150414,51.932283630370264
109,2.359476317196023,51.9458421827527
110,2.0898922891639615,51.252135713501026
111,2.4172678785165664,52.31409242233762
112,2.1297845455847644,51.61159858549554
113,2.3821597124838547,52.383856235717126
114,2.42249377179094,52.5372066096473
115,2.4194933736009676,52.71005983751438
116,2.4975686062441733,53.13472550329132
117,2.493501040055621,53.060005471156806
118,2.111068350065849,51.87162211431906
119,2.429540356535997,52.937428275214465
120,2.4294167135507316,52.94128885729036
121,2.4345606587127895,53.14268718829646
122,2.113264138597039,52.14925624810197
123,2.4209717845235,53.15866027223065
124,2.4234202726904006,53.2010953383765
125,2.4377595351046875,53.41346548232881
126,2.0955605003539874,52.44004736112224
127,2.1658592000859134,52.75273205139734
128,2.437110836989309,53.73367321347344
129,2.1334215380653205,52.876020954018216
130,2.4842224181641273,54.239548004335774
131,2.4524501013511677,54.11571834743055
132,2.473922296699227,54.384333678455036
133,2.1792222793765585,53.66322041086395
134,2.155698836745986,53.8466709236956
135,2.499592281859033,55.23603539201188
136,2.5088760243537624,55.42563105760676
137,2.5651154994727867,55.901745636324854
138,2.531051684730683,56.03001408717302
139,2.5911951081362656,56.55426713104919
140,2.6012976042131797,56.88335065024496
141,2.573690057503689,57.15043420013285
142,2.556947583230002,57.32404362757952
143,2.6113133149146703,57.8430328733167
144,2.6723303323150773,58.458792019245564
145,2.7308694374696496,59.176711501261224
146,2.767106390395998,59.6075188126845
147,2.7124697253090844,59.84894421976247
148,2.7840317657787783,60.542939396478715
149,2.7839942100447423,60.97933388588334
150,2.7995288724972083,61.426964583133824
151,2.909125970759075,62.26245911751381
152,2.915039225495828,62.666340526673146
153,2.959024870115497,63.273411043949565
154,2.931679608536376,63.66964903837883
155,2.987266242698854,64.25436213870105
156,2.9632790619519995,64.49816542544244
157,3.0293086944441736,65.22569381100246
158,3.042657079127856,65.64914028007259
159,3.071029183319836,66.07550696441281
160,3.107588757233295,66.59604441755539
161,3.0929654213543776,66.99096549964668
162,3.163890455728988,67.60455810153918
163,3.180196195651295,67.94454886286888
164,3.1231045175585317,68.16261698018339
165,3.1395865486275265,68.65550518451504
166,3.2633206022947663,69.41264881525976
167,3.2714283204162253,69.84990097295376
168,3.27994364301719,70.16152442003653
169,3.2379499273802557,70.42727060654784
170,3.217784920482989,70.6854839948492
171,3.2924798996671454,71.2979831468025
172,3.1948528727006837,71.15871267938229
173,3.3118932208876037,71.86984715330054
174,3.3186643199543067,72.03223411827656
175,3.313699638029325,72.3099205628534
176,3.3398351943930322,72.53798739590052
177,3.387954888291649,72.95028902445064
178,3.342079199959382,73.04825283925501
179,3.3425089344972676,73.25560317016877
180,3.298289689742285,73.23664050081054
181,3.3073948269577156,73.44213708855467
182,3.3446463325216396,73.66946361374926
183,3.424099823179051,74.19031980624672
184,3.26481050737794,73.6733257927431
185,3.5027484535044286,74.5417658175524
186,3.4320387235561416,74.42104096828723
187,3.5227376816589673,74.8690664436058
188,3.4969535381083245,74.89858663774291
189,3.533772852412376,75.0382308175434
190,3.5669594238527003,75.22581009518849
191,3.655504107703276,75.50115040170287
192,3.639155800417575,75.49576745160971
193,3.675578102191562,75.62431202429623
194,3.7286946989203185,75.76582310347047
195,3.6526956455761446,75.57005994724051
196,3.72873218083727,75.65516906045552
197,3.6383927667594063,75.20515627769082
198,3.4816070201754994,74.64492755548982
199,3.55917189524544,74.76571886577574
200,3.544320679320585,74.69489384806063
201,3.488488526685035,74.14168190619155
202,3.5308924461267526,74.13303306512628
203,3.4603957185199463,73.82403455692469
204,3.4276229850999305,73.4892486059213
205,3.403669124476657,73.28194844921512
206,3.4247842357066434,73.2360532928137
207,3.3947566225786137,73.36415704209051
208,3.369216570961185,73.0106320637043
209,3.4110318985264554,73.2783258831269
210,3.4593484603659537,73.74241880151348
211,3.336995744933836,73.54722219317276
212,3.445263699406616,74.15125824862969
213,3.437041766563887,74.34244321872166
214,3.466811348697228,74.82876998574251
215,3.5002306430310006,75.23692563824557
216,3.4709643781179227,75.46988201753227
217,3.544229954915178,75.90803611202261
218,3.5455170720147398,76.0989359686785
219,3.5425465418805158,76.54119749000257
220,3.5581445139520946,76.86021906126338
221,3.5660728125527563,77.17624235371906
222,3.538980367381165,77.31227181896782
223,3.5853655238890663,77.73831204640842
224,3.58644861418269,78.07081076080667
225,3.5368159273332496,78.15940102759764
226,3.652722979145023,78.82606594019485
227,3.7019380646413764,79.1843123902242
228,3.7831277253593756,79.58684756023266
229,3.5194149261767103,79.21915998985536
230,3.6666401746272066,79.75715188866603
231,3.594932496107168,79.87412601014499
232,3.7488019087883,80.57823236129913
233,3.665771054101131,80.67411908820951
234,3.8130957451384733,81.29217681608318
235,3.6779327356392426,81.24219631293182
236,3.76718394438447,81.55204031423774
237,3.7349739989130066,81.7167706177446
238,3.9368251246029744,82.44659942991004
239,3.8815537687757837,82.60843705971952
240,3.8987521826419043,83.06280861489957
241,3.8320422702391994,83.32134813101109
242,3.8495673554939036,83.5767371772181
243,3.840623675325247,83.69891961727322
244,3.8358349257382147,83.76453227654157
245,3.851027686774809,84.0111899612209
246,3.973386107266829,84.61417718932306
247,3.93892963407427,84.56784798028372
248,3.8875822851016757,84.66346381281606
249,3.9544272230981248,84.9242681875802
250,3.9429466879183663,85.14746764912353
251,3.961789735138425,85.34729133863091
252,3.9567536246083175,85.53680002756421
253,4.014662437366439,85.81349664044251
254,3.9701741973813567,85.63849110173122
255,3.948300069542349,85.68929462899601
256,4.037480017053286,86.18763571165618
257,3.9790691818324344,85.89410636562924
258,3.9032598384341175,85.84931044775524
259,4.027400659569782,86.25474873773977
260,4.002946405490839,86.279120143824
261,3.9658203843134765,86.35971746735345
262,4.104712220739279,86.63711985038807
263,3.882384602565593,86.27932411302885
264,3.953702414211146,86.78223111397978
265,3.9393807198200212,86.72405078931989
266,4.035494243219322,86.88046527589779
267,4.053106420471438,87.01953024680226
268,4.042831081405318,87.27549447866105
269,4.0439153105250325,87.40474498422019
270,4.056320159482042,87.59429837017126
271,4.021726911192383,87.77842029966531
272,4.1057974461367595,87.99327357359552
273,4.201385829124022,88.5021482413385
274,4.103737782474102,88.10125683335605
275,4.160343190831397,88.40641900361283
276,4.209285603939603,88.8172126509686
277,4.212474742570948,88.7427468944722
278,3.8965624609438025,88.2893837818747
279,4.254672169688239,89.03264227205595
280,4.112247066421595,88.80474149239599
281,4.23788914927952,89.12395552434928
282,3.947827531968222,88.67015173011742
283,3.956751541813084,88.63283457075705
284,4.0852684729977495,88.75823912054761
285,4.0948406879651404,88.40613972942265
286,4.024868799348559,88.18553802887897
287,4.1973552660123365,88.47659259663081
288,4.129415750454327,88.4214037836462
289,4.169482101983308,88.02580742577977
290,4.042232880609444,87.96950092979013
291,4.142940206753344,88.14233018056945
292,4.137700393766984,88.05356238414042
293,4.140668615241437,88.05658585560079
294,4.1144791992125604,87.96262926372218
295,4.278822361834072,88.48233175031467
296,4.043621648152241,87.28826462357605
297,4.145815785477875,87.48554679452289
298,4.0276191658780265,86.87905450419166
299,4.141687379911038,87.2055168108263
300,4.200327106987599,87.24301254675005
301,4.047931950987204,86.71006897782375
302,3.923554938162095,86.06051206244382
303,3.9266167893761112,86.04582403121265
304,4.611599296672117,88.46887110010485
305,4.526430705198484,88.03005502587213
306,4.4886285495480225,87.78411411601185
307,4.561734933238307,88.33906010666894
308,4.521782831048307,88.04539425257701
309,4.563943266849206,87.95748865735872
310,4.457663853703084,87.52741278729367
311,3.9577537456066576,85.76610417031074
312,4.159620538867253,86.45026559926713
313,4.164605321041235,86.50372414868923
314,3.9711457517818065,85.83670086654864
315,4.164682093200937,86.61494385743877
316,4.055306332493461,86.03559726521111
317,3.896343692176037,85.69963082162204
318,4.048267023616755,86.05742530825502
319,3.9383621252518957,85.89838905962065
320,4.169084212591074,86.31294837080277
321,4.028263555196424,86.16209958173702
322,3.9169148773987903,85.94531857253952
323,4.038204782020093,86.04797790867946
324,4.008273684926654,85.94124785918274
325,4.022054914544331,85.69865296620027
326,4.036883895659419,85.96547106749091
327,3.9346808107469107,85.76908064887887
328,3.97422245326767,85.50756329073941
329,3.9821252646193757,85.63826242756504
330,3.9904754012923362,85.37837703899369
331,3.9768686888259897,85.1425969456877
332,4.070552955855275,85.27285114521705
333,4.096958074542362,85.42484278494688
334,3.8290660204984723,85.11392968336483
335,3.801396065097175,84.70226156066936
336,3.8177922790634837,84.60461990553365
337,3.8597376203430747,84.45493184634252
338,3.9204151935168627,84.39155604474419
339,3.76761582739726,84.3813144492144
340,3.8729009821859526,84.00916169485733
341,3.6723082138178733,83.78855620165379
342,3.8412220961469816,83.8193051153133
343,3.7084681416289813,83.81813174207429
344,3.7525447260028084,84.13397793042239
345,3.8237345048892117,83.86978326321157
346,3.831655598359969,83.90966908657487
347,3.8370439126288245,83.77494349963902
348,3.610419719058793,83.27075648088922
349,3.755673135175534,83.5095556278391
350,3.687496098635717,83.82911751662218
351,3.8624097400403454,83.97329867367056
352,3.759530022353026,83.63572364529175
353,3.6678320039985537,83.79749934038179
354,3.839028505375312,83.76501794248192
355,3.89174477459913,84.13784414758537
356,3.780704725260838,83.3806023284215
357,3.634357717176667,83.43874604747633
358,3.598633265527313,83.26450369117916
359,3.8189306121222577,83.60268894064008
360,3.626472761050676,83.04892810229103
361,3.6841423465585352,82.20965138701239
362,3.512660148444393,82.25196525841774
363,3.544404394633573,82.23584574679877
364,3.4255011839313236,81.55871793016954
365,3.553292876030616,82.50899412241198
366,3.57275420420122,81.48632815383169
367,3.501149515615796,81.90998540678589
368,3.4358244372955635,81.58038156441555
369,3.653966695570775,82.01629340793592
370,3.5010925367948302,81.20862130981543
371,3.714375362796411,82.42311189327002
372,3.4718730861006892,80.74396894568355
373,3.362693717727717,81.13193686437924
374,3.6021114567338883,81.76184002053326
375,3.546056805267324,81.42095788495726
376,3.2669722367101035,80.69725409275088
377,3.3760934805517686,80.91505856614766
378,3.8362160687117037,82.48622772332534
379,3.680533785717979,81.88356218421312
380,3.5630716482516642,81.53115678433466
381,3.752667226841636,82.3099092747315
382,3.4361035917809004,81.1995608848982
383,3.507966731442588,81.37494608522029
384,3.6711962770921223,81.63079319070235
385,3.564035348515853,81.54218168160101
386,3.5145373147491696,81.41353699263168
387,3.4735782204297156,81.15028357612908
388,3.4707743959638004,81.09641560051963
389,3.451706049687622,80.98418910239651
390,3.4931352636890898,81.02863027763611
391,3.6300483272782937,81.80304936627559
392,3.527441998929403,80.88483858602639
393,3.4434042774188742,80.67720154537288
394,3.460791922460922,80.57074758461086
395,3.4706919107038496,80.66181521860125
396,3.493076140066825,80.67024611777872
397,3.518365305191627,80.73745298901234
398,3.4389682159744606,80.3571552077706
399,3.4280101619478525,80.01563536398494
400,3.451506480654344,80.25921460194742
401,3.403336723301637,79.85542366121481
402,3.500380652488026,80.44585297834415
403,3.4416189019431367,80.11964121554463
404,3.4879923370269985,80.4444877306841
405,3.622642447270557,80.3607705245226
406,3.3636513339380643,79.57899992314638
407,3.465740891368872,80.06964498737884
408,3.538416230248701,80.18174608821398
409,3.518979253700614,79.9299673632402
410,3.478641674840736,79.78290239246512
411,3.5657749629259343,80.736288370398
412,3.512440034930472,80.16088362119774
413,3.5520683219047164,80.2871691650125
414,3.631786747024249,80.43032849274773
415,3.479160691573643,80.43826979499511
416,3.5827232591714635,80.46966829028179
417,3.6438200690574076,81.27507288067335
418,3.5807047142514783,80.25493743790778
419,3.5094771805365177,80.70154493054946
420,3.4803238258098514,80.4721264943328
421,3.4884403427609874,80.0941620187517
422,3.525512846157936,80.32357858826757
423,3.404744071177147,79.86241535661757
424,3.633043919602507,80.13098445009558
425,3.532516368357765,79.64061856504654
426,3.465336294393009,79.42488737844847
427,3.4219828732287163,78.70752246028191
428,3.3945661290030795,79.52367612695541
429,3.417568673132937,79.28693992035343
430,3.5997497824924896,79.50606540235782
431,3.444830093575913,78.8389019243809
432,3.315371184770275,78.45212173968221
433,3.3911683369297423,79.06346395951492
434,3.2901383476460055,78.44748178644726
435,3.349371574572443,78.82163112766729
436,3.3731960881169107,78.96370334066782
437,3.409537763729018,78.77494079089685
438,3.3474880577413906,78.68285807308202
439,3.4518215626021216,78.4860096172771
440,3.283809126058254,78.22844225719881
441,3.304261633909926,78.54669027114399
442,3.533761227577898,79.02092755152971
443,3.5237377971357353,78.71414762852628
444,3.338671899317422,78.0021540194899
445,3.4609339060601743,78.6643639847223
446,3.2994536644386128,78.16073149198063
447,3.371442756428164,78.3006959524041
448,3.618385748448186,79.21018766936976
449,3.3324165041491254,78.15012313459316
450,3.4594990217259554,78.59335056343683
451,3.324350328702304,78.41419113759594
452,3.3435221828171025,78.31737097765325
453,3.25062106189991,78.05747677433295
454,3.3611438121747446,78.29742983968748
455,3.39575766572117,78.29645915554035
456,3.5111553734749874,78.58483762923278
457,3.4623601067964658,78.3056571167549
458,3.317174435516845,78.1940748366292
459,3.356231096992638,77.86914307500629
460,3.2872064196427,77.91636446494013
461,3.338569868732421,77.63455949406716
462,3.397565221243124,77.86037925771599
463,3.313335904492865,78.0620029254569
464,3.329457559942413,77.568500143598
465,3.336091390494202,77.46583512022703
466,3.214457914645808,77.14067237519589
467,3.2785583498932254,77.54803991194764
468,3.330090711426335,77.026559190043
469,3.4396009406780204,77.53095958644357
470,3.1887210375856,76.7541396800778
471,3.294099534037879,77.23041107682066
472,3.0841224314928763,76.23441308072809
473,3.3392451626117796,76.99097007751651
474,3.279971187003899,76.3943473230713
475,3.193316360797907,75.63205039794403
476,3.0746509215351527,75.67774338057588
477,3.122059399020059,75.18397911909572
478,3.2195458962354264,75.70557570672098
479,3.239392913882397,75.79896778663674
480,3.079820221092346,75.51053244660994
481,3.0987468255238175,74.7479196475887
482,3.176798444141045,75.03995923423935
483,3.0520937524255776,75.19129013918644
484,2.991430769021957,74.94508375545783
485,2.9542893108577553,74.6455066395663
486,3.091135860092864,74.41466493446454
487,2.9987929793303625,74.6989940103167
488,3.1141931860633543,74.36525115164167
489,3.0327448120597174,73.86425206386237
490,3.08713197240758,74.3321991016145
491,3.1713151630143446,74.49007031618397
492,3.0972148420821526,74.1175553188301
493,3.0933587514653618,74.06659613649104
494,3.0271425720716327,73.77735728333663
495,2.998642796349684,73.59467739857757
496,3.112017016359702,74.2117340685664
497,3.0333124413381527,73.65931062976956
498,3.1110263304193837,73.92260753020759
499,3.003770835028252,73.34423676013782
500,3.094664190916879,73.89705692911443
501,3.0309249263506577,73.55567951086955
502,3.0954539192153954,73.81720509120203
503,3.0195478025226734,73.51098077834347
504,3.011565007001316,73.44919871259948
505,3.0610257328822748,73.76893459548286
506,3.031256371588633,73.5179255696809
507,3.017498984924574,73.50445924813926
508,2.974714977758537,73.27253453037805
509,3.0158680776828812,73.34974330233212
510,2.9993364494477186,73.25154091909334
511,3.0935663505650544,73.56909732590744
512,3.0433881377784475,73.29994792643643
513,3.0867178561380975,73.35102096139457
514,2.996943633565711,72.8753345445267
515,3.013459380932087,72.98488625312149
516,2.9961290395786158,72.8106097170641
517,2.912718306054026,72.32824201652912
518,2.913596403847167,72.48927858752215
519,2.986465259287116,72.61355319726641
520,2.897263704675549,72.0222913069431
521,2.899495140205733,72.17580319433561
522,2.96196307702326,72.43506497796234
523,2.9943674855737497,72.52996566907771
524,3.041469384376718,72.8161783178988
525,2.961443981261435,72.31974048544056
526,2.964482352735554,72.38458776088343
527,2.9545407293962467,72.27446946989596
528,2.8771927950351586,72.5472077665328
529,2.8922727104552104,72.30527093427452
530,2.978716728081039,72.75151140573392
531,2.9915118457306975,72.75209513337674
532,2.9148459900216777,72.70922187083461
533,2.854065998323067,72.37446256337736
534,2.962544432585828,72.92010147712045
535,3.0018863201362205,73.05167287924829
536,2.9437322927527854,72.7930409698558
537,2.9301276389935564,72.827192133643
538,2.9239686201234076,72.5948879986985
539,3.016173361997814,73.1938278283921
540,2.9538769140900474,72.79190770684855
541,2.9446666972910336,72.68612040681573
542,2.949350522237143,72.56905222142889
543,2.9580503859255924,72.76529339262899
544,2.898666295476533,72.25706979402578
545,3.0292972353709136,72.99724447795636
546,2.982964914893346,72.84289356334077
547,2.9172998070445333,72.37684881611177
548,2.9031409381270206,72.17054846368944
549,2.8589367570530437,71.93638108972739
550,2.9149002795770276,72.34248822354819
551,2.946975145313626,72.410812970335
552,2.9217803673404688,72.45128170154672
553,2.95322084959248,72.59346121712638
554,2.9316422256756924,72.49529965135856
555,2.968175842017107,72.73334736842584
556,2.96122713911744,72.54748069473797
557,2.8842983312350627,72.2974136320919
558,2.893825280404788,72.61161067678283
559,2.903050962171705,72.51018377663817
560,2.9006574421093902,72.5416260851512
561,2.945010712131407,72.94963876098561
562,2.950026610997121,72.88494766243821
563,2.946063661654306,73.01518614809618
564,2.8970485141513036,72.85989897535053
565,2.8955136998522826,72.83299029656271
566,2.883805067954911,72.90317145459963
567,2.879882692452054,72.87472661292432
568,2.792724352565436,72.80869844632878
569,2.9186634709693755,72.99952268959883
570,2.9274550868682794,72.77442744501727
571,2.8887043071727363,72.53802437895298
572,2.8982578311082015,72.54145497320802
573,2.9390054317039795,72.65969857550881
574,2.8899583126340778,72.51812781366006
575,3.007053711321696,72.8700067975154
576,3.00882241622195,72.75270010411296
577,2.61111550402702,71.25737585617763
578,2.951752960625441,72.55769433016695
579,2.8617084297057924,72.12414389453649
580,2.5804082110807913,71.16922164823664
581,2.927350541242685,72.38280009064
582,2.881754920643688,72.30543411457327
583,2.9951769344018793,72.74753653575918
584,2.91595615362258,72.43318329453992
585,2.9215020170774135,72.56554954261706
586,2.8288076471004655,72.32655953037883
587,2.871438833188988,72.45521892668758
588,2.97338642299948,72.60417886519541
589,2.873533394184176,72.64746313879255
590,2.8531408640194114,72.5080017870337
591,2.9370874247534626,72.81436538511743
592,2.953346514566984,72.90356954706367
593,2.960801109937535,73.1370543216546
594,2.970195941614167,73.13958233580263
595,2.8476306811602368,72.74028149821878
596,2.7977590289110514,72.68012916952401
597,2.9218020244019307,72.94919658044944
598,2.915877302165076,73.1851666828438
599,2.9416960197277984,73.02871093078015
600,2.9140595465925294,73.15726386443431
601,2.9146072934415317,73.1266158787529
602,2.8411615791707434,72.83106978929946
603,2.89100100955838,72.81400063615023
604,2.900707297416511,72.90916237759521
605,2.9485689889875464,73.06091726700869
606,2.9435700184939053,73.02633259560515
607,2.8515616804688895,72.66444094726529
608,2.9035553112198524,72.696921957593
609,2.7876005222618194,72.18703409872116
610,2.9082168394773187,72.61463094352013
611,2.8250305473888693,72.20529060274524
612,2.8684287744592507,72.59628229227305
613,2.8410989038327124,72.49446249143656
614,2.8620611679094186,72.40719417612286
615,2.856077742365682,72.31130368138419
616,2.8340036479461133,72.32355367471074
617,2.869728355585853,72.30605078932895
618,2.876640239523075,72.36983527687534
619,2.815104166512253,72.43039727458027
620,2.8175578970654747,72.4253193560978
621,2.9332338679504244,72.74312350578039
622,2.749499240864199,72.11225169473592
623,2.5445875590839284,71.5659140944315
624,2.858944585414334,72.60001118344073
625,2.615558768337311,71.62019280237598
626,2.65324537288051,71.70927154734501
627,2.5890121145822595,71.5289189623607
628,2.908932908352418,72.61103602269073
629,2.9503759307053894,72.8807140278807
630,2.7960039007383455,72.38815934442471
631,2.9650610977266765,73.00329662106657
632,2.836734168272229,72.34581517157714
633,2.9081530914440146,72.64441505138937
634,2.8502293521419655,72.34243652399256
635,2.819314799878309,72.09721435732433
636,2.929254723149736,72.75257124458136
637,2.9590508104887845,72.8667051192082
638,2.888696704408633,72.7200588110686
639,2.8788943956517365,72.57045803891299
640,2.888277914581423,72.54570261793772
641,2.8971590090690094,72.65307233140362
642,2.861560750523386,72.4185988011161
643,2.8866841995156545,72.5265216966473
644,2.8790463927488745,72.34473044558104
645,2.869797790667491,72.269860826415
646,2.843272782493905,72.12378618078672
647,2.840091328624382,71.78462947314323
648,2.876713562108163,71.99589721969895
649,2.9180715033970444,72.1767654437312
650,2.836170821971186,71.89845631638282
651,2.8299905070936338,71.61016496337884
652,2.7789543018714515,71.43909687108987
653,2.7392812463584173,71.17669948528183
654,2.8311103735069123,71.2920884296191
655,2.8053970537757897,71.18273555820065
656,2.7459934138379567,70.78238655786475
657,2.8005273231291365,70.97318195693144
658,2.7168975396994037,70.57745288457006
659,2.7080632221175347,70.440516066713
660,2.7392127884990054,70.46750596758515
661,2.7345384533844457,70.35024710086857
662,2.752060318804646,70.50597346522262
663,2.7111636784617072,70.22404588037507
664,2.6797698179874145,70.12825161626917
665,2.7661811916231174,70.36024673735113
666,2.5791205502442245,69.72630154059262
667,2.682794647297511,69.9268676090329
668,2.674628047402489,69.77818364683037
669,2.3470296330331313,68.62457084864086
670,2.785421988678173,70.32355393385355
671,2.6594860089017414,69.70136977593583
672,2.72657742089579,69.91061323903793
673,2.7169398086582017,69.82726706748339
674,2.7480160442871653,69.86285904175179
675,2.62363401664188,69.6229750004464
676,2.6269457200157156,69.78356433496117
677,2.6107228577221555,69.45463999614246
678,2.69403945928851,69.79428332863063
679,2.7483018506948906,69.99187199263181
680,2.4926865031657695,69.08520062675873
681,2.6922049947850226,69.8831920251455
682,2.6919064996034083,69.85798494512602
683,2.4424829606900906,68.86744985116569
684,2.442239871375616,68.83730381126436
685,2.7160848796051007,69.85772624979695
686,2.3901412488969815,68.63497226701008
687,2.3947359713021954,68.65728579403998
688,2.32811985539224,68.08521904999985
689,2.7772569423777567,69.60736982093047
690,2.331213793891655,68.2168381557487
691,2.9242805812759145,70.18085523059732
692,2.3152910310991,67.98203915411969
693,2.304637527856657,67.93274653602762
694,2.3239756462983885,67.94496556575949
695,2.257382831646533,67.64279344653359
696,2.631756865384074,68.82954858327038
697,2.6172661864106326,68.65351742807015
698,2.256007510246813,67.43430690806956
699,2.2479049900948356,67.36206096724275
700,2.2424326803202668,67.18007974494509
701,2.2523365639071957,67.28646504973976
702,2.2716551009718717,67.47221423133249
703,2.2352936868398836,67.10610932657919
704,2.2487101730115535,67.26169088057141
705,2.2611933521551486,67.35756052748333
706,2.2786437927837953,67.4673396536962
707,2.2220557254775963,67.32933695716117
708,2.2220125193941542,67.40695681743124
709,2.20623432270418,67.30358998310557
710,2.307674596091113,67.59125297117743
711,2.3063438532625335,67.87240664362932
712,2.2346788306798935,67.49345094359444
713,2.4629878328499166,68.2505959569429
714,2.241309486670627,67.49359373064364
715,2.328658191671843,67.83734486726296
716,2.479900663276222,68.34975456551503
717,2.267358409394658,67.46259586534457
718,2.2650180469328984,67.43927492562294
719,2.2072242503283124,67.30872141767284
720,2.450135629536671,67.91243914794326
721,2.5374132687252633,68.32318284417751
722,2.4491944862575754,68.03526733177698
723,2.413447728790147,67.67822107217702
724,2.408170741477203,67.6343887072161
725,2.438214528407223,67.61352696425848
726,2.4112596589444655,67.7080367764962
727,2.395242051549642,67.52057979337353
728,2.417515513494532,67.55474124062934
729,2.4196881566460275,67.50050907940586
730,2.3911569627867575,67.47693477867263
731,2.4108507523566605,67.50928848811428
732,2.4372199544725612,67.5850938616393
733,2.312481817360047,66.99721839240667
734,2.442376647248866,67.57504779175251
735,2.3956325611948306,67.38305497021005
736,2.3987781852338537,67.47663762701269
737,2.512610648917714,67.7212537748623
738,2.4827942208006815,67.74922028026819
739,2.5204135776851184,67.70932359107414
740,2.4118193848819525,67.6095565296054
741,2.4549215306890733,67.72683728937784
742,2.495354590356703,67.90052573570345
743,2.487173738413431,67.67812300260968
744,2.2639489057528026,67.10549537077809
745,2.4606161030683436,67.92735222601351
746,2.512039402061157,68.1069732082323
747,2.476991489321468,67.89740549256626
748,2.2252216299708234,67.01271936096292
749,2.2298892462843702,67.03868758258982
750,2.4688547959693095,67.71190216789442
751,2.4709916117132695,67.6912566356547
752,2.4355713028818697,67.69895363803779
753,2.391209975536322,67.44907196009092
754,2.3877313364819597,67.32723404849823
755,2.425482916444117,67.62872710108553
756,2.387136030517674,67.15133849940099
757,2.392468662830115,67.27865197170922
758,2.3977861082818763,67.26775344759572
759,2.39069523420042,67.21102972669013
760,2.4352858920261644,67.35290805775882
761,2.3767161810238586,67.10579721760088
762,2.4408477529656265,67.34644965425082
763,2.400628231189475,67.23937005683213
764,2.408389426923289,67.30460530971483
765,2.3053845476914434,66.99906382162908
766,2.4001208862972163,67.39567635370015
767,2.3061983413445106,67.08398967236472
768,2.389625134924681,67.38252849803145
769,2.3465673971249865,67.36389366255911
770,2.3566602451085052,67.44732190467752
771,2.3295523600834884,67.38953022175015
772,2.3628425226682466,67.51787782760454
773,2.273711780192226,67.27528247894942
774,2.2250524207550293,67.16185856671291
775,2.472884179037733,68.14580413544203
776,2.380465129879062,67.73693173672059
777,2.4034477304092574,67.65827343283875
778,2.532371930880699,68.23151989837815
779,2.183626154852038,67.0484651240238
780,2.162378148770208,66.91204205665731
781,2.2021640901718467,67.12325895490595
782,2.2307455257810105,67.08035687665166
783,2.234012153911271,67.17661685120503
784,2.219503899217884,67.12930920224996
785,2.2188589053186027,67.10035967527222
786,2.2179464350673164,67.0285273100942
787,2.2271328566214024,66.92373024583448
788,2.178596168050262,66.82375229740863
789,2.177931907728878,66.88716700346589
790,2.178689437771291,66.90913694106771
791,2.1970342889583807,67.02520420669315
792,2.171700525645489,66.74773983673185
793,2.185144244592287,66.7532343610402
794,2.180242873591349,66.85475609140299
795,2.1725379692207114,66.89787134427839
796,2.2197259788885324,67.14901673808976
797,2.477899198486663,67.91840794230934
798,2.387798978163284,67.62702045377907
799,2.211297269551795,67.1090488634456
800,2.3806848289068414,67.52301368527066
801,2.1558828902795617,66.97145372539545
802,2.2151328051893064,66.96638107997578
803,2.3745644413294067,67.66559487458741
804,2.1917951063873504,67.17705920565827
805,2.158559797900622,66.97662144878876
806,2.40839090458664,67.71865181576568
807,2.5457341274968703,68.15488678665798
808,2.2438877775448853,67.18202786564267
809,2.1961399458604522,66.96002625166251
810,2.3852064679537217,67.63763963034181
811,2.471302337028875,68.02810328093375
812,2.213476197196716,67.29487907740058
813,2.1883829945772164,67.40530614813683
814,2.228021224871102,67.33530048401258
815,2.495218634275617,68.34687392532784
816,2.2525482145663043,67.60067327584608
817,2.515070243975273,68.63117298154906
818,2.259212540192955,67.8608328204064
819,2.195974185224192,67.60069498716716
820,2.2700455858551627,67.80291672303969
821,2.2311677592221897,67.7720284608278
822,2.218299048268386,67.69264611560439
823,2.504899344614426,68.60946811928187
824,2.2824542124427203,67.77143916507862
825,2.2653438086869313,67.75924476784084
826,2.442646587740345,68.35704729281153
827,2.439333114495298,68.56558916559902
828,2.177427911760211,67.50425091268167
829,2.4221561532287303,68.20551229447766
830,2.229995636945359,67.55393410495971
831,2.474424873358141,68.47543252123165
832,2.1885101919003067,67.25685715237897
833,2.455879455410952,68.2174434751572
834,2.456106985338834,68.16179581502509
835,2.4176576628546385,68.27411043607039
836,2.165461829763186,67.20870258484082
837,2.429749450452773,68.01265989595332
838,2.468262939271659,68.27420751792855
839,2.351055129493706,67.7349707956705
840,2.4087116001452697,68.03425943926607
841,2.439726557502137,68.17581574927767
842,2.469545475673187,68.26484771969399
843,2.412315324906775,68.04721052224838
844,2.4150659758337123,67.87833871198085
845,2.467633855884161,68.00815036688437
846,2.4638173755605126,67.90803968046612
847,2.446407447362551,67.81490210717614
848,2.4383266252630618,67.8168372655387
849,2.437563430540692,67.80666798364999
850,2.4410477861285327,67.8723767274543
851,2.453973846790876,67.81340147822671
852,2.4441410005643447,67.71204491346617
853,2.430835771448993,67.6707067386281
854,2.4508317745728494,68.00834924902779
855,2.441943376086575,67.69799176542851
856,2.4698475826118926,67.85964711399741
857,2.4444398461826413,67.60672184833722
858,2.372873005814544,67.52665463762696
859,2.4688975033124696,67.846463431024
860,2.454399521489426,67.78847068764706
861,2.5072640587630826,67.97349981240122
862,2.451537641668334,67.78798879813279
863,2.4552521248069556,67.73043635520422
864,2.481750781703094,67.80902372015183
865,2.51523753163366,68.00718764534993
866,2.4504750593217772,67.77129352341531
867,2.5150489778148,67.96009885619449
868,2.5071705943542617,68.08326149028426
869,2.4743413216274774,67.75687895747228
870,2.490927840144555,67.74927387897861
871,2.438156079531495,67.51766919099339
872,2.4671205072344558,67.63243752699246
873,2.422599118426906,67.60706837363284
874,2.4693740838679177,67.5327428720961
875,2.425896637599873,67.28170367419227
876,2.4135325275591213,67.3426165572938
877,2.426061674441838,67.42461136301178
878,2.414925222006682,67.18529466555042
879,2.4698380630635444,67.43183583845968
880,2.43635689191022,67.14560396943136
881,2.3433154938427214,67.09189396204933
882,2.4068357656532338,67.10321896347816
883,2.3477529501405123,66.87271376802518
884,2.3773134462482095,66.94652029879629
885,2.363387984340704,66.94219141216354
886,2.372955340866871,67.037803774385
887,2.3233348925735067,66.89626758462629
888,2.35403582067367,67.06000206886358
889,2.4216331161107436,67.32502034202149
890,2.3203818171242285,66.8493571928403
891,2.4032774907882097,67.30580323306636
892,2.360903403286415,66.97842335104879
893,2.299109270783851,66.87395474013078
894,2.329511287953857,66.85865907972246
895,2.391506749359334,67.11575009865422
896,2.3779875969735786,67.15164168144007
897,2.4402376315909833,67.20640288714253
898,2.419205394887247,67.14773153010132
899,2.365629530637793,66.95965145563805
900,2.3338686569129696,66.74857473289876
901,2.3783824392973014,66.965001540109
902,2.3743800468987923,66.75184495301588
903,2.355167259917879,66.68379140086465
904,2.388781468542473,66.80170223555346
905,2.346794156198668,66.69327828716514
906,2.303239847771637,66.40097270626715
907,2.3653185158213903,66.70344693843201
908,2.3334291831044283,66.51456488788766
909,2.344879532409151,66.60342325250518
910,2.3826156790883957,66.65812952890386
911,2.3291725536502215,66.3890001092526
912,2.3849262656690655,66.62502646383754
913,2.304267640818243,66.38702447493422
914,2.3300829297970482,66.58304352669634
915,2.3522372648868983,66.63669711178842
916,2.3066649674987105,66.42517557377762
917,2.347188023621633,66.68093265463065
918,2.3795896246291437,66.71581538514005
919,2.3174567378417787,66.5530807450603
920,2.3558154214956,66.77561547230682
921,2.370912360182953,66.8694002225971
922,2.4013732607268308,66.93481358371082
923,2.3755116087305814,66.93059389005788
924,2.3186657891738505,66.6749729926351
925,2.395192873137804,66.98022586735195
926,2.3593539049081222,66.75324185188202
927,2.3615890709921707,66.82889065645486
928,2.3864610460849,66.72490313016239
929,2.3829982197622614,66.87623844561475
930,2.340641275522623,66.6134811105303
931,2.337133778248539,66.49289393830546
932,2.365836218635166,66.59293429950573
933,2.363162503134974,66.55833224199718
934,2.4035835220242894,66.67758215376793
935,2.4187734706068382,66.72127345047298
936,2.3958011195716358,66.53302875535479
937,2.3336720314406247,66.26244482405409
938,2.340772819713772,66.20704301791267
939,2.329419345537743,66.18088416624835
940,2.3280449815891897,66.26716602328192
941,2.2946156413957315,66.1718547944121
942,2.305174901871412,66.27019543354005
943,2.2618847508965967,66.1155568528922
944,2.2847352818648603,66.07065955734865
945,2.337134770013525,66.41947174605855
946,2.322379659487132,66.32834460253297
947,2.3334216462547004,66.36901475814543
948,2.338616933685634,66.4985082695818
949,2.3485735701272907,66.48275429661001
950,2.2889215691539446,66.22097043159422
951,2.324775249677485,66.47054844980337
952,2.3951581542190783,66.70047806143984
953,2.371006034768945,66.56315624103593
954,2.332399712333013,66.5473703755231
955,2.3759176268504616,66.63513909485185
956,2.428188192246258,66.74634819141525
957,2.3392103670104047,66.53517837074226
958,2.395313346159875,66.65797067808676
959,2.4008273586856967,66.54240294050327
960,2.3673821714952727,66.38042501909949
961,2.406483861360256,66.54515946252344
962,2.411895243414815,66.55809099257662
963,2.3581791043571494,66.27669062913434
964,2.3445207590094923,66.27817995793822
965,2.3548405481163552,66.20035251416276
966,2.3737162398189082,66.22948269202313
967,2.2950852908617696,65.87339915204386
968,2.3241349560299795,65.90829569714853
969,2.3678752022540692,66.01777376496001
970,2.3717519986066833,66.01465614279408
971,2.2692434205028063,65.6402003597835
972,2.373873022750144,66.00639697046522
973,2.333216332994248,65.80791256653954
974,2.358986879871433,65.97925612409914
975,2.2629505053201067,65.60070232588649
976,2.3647905180844364,66.04578596416576
977,2.3830110532856494,66.06460081389524
978,2.363725346055899,65.99962081509142
979,2.340217890587793,65.89729074571994
980,2.3736463356596373,66.08078938264737
981,2.211867502130284,65.45398271578034
982,2.3153047922714225,65.85685199493827
983,2.3037727339129086,65.86369442318444
984,2.3157042931881504,65.7700268565437
985,2.2839712078674097,65.76846273413648
986,2.27104849441394,65.61707510210331
987,2.2840512429687707,65.60813064483729
988,2.3041427862618495,65.73765888935941
989,2.204328427829317,65.4393947699232
990,2.218131173385989,65.54184180088124
991,2.258864714107287,65.72230772387401
992,2.2164077409672505,65.66967461909177
993,2.2119569713730836,65.63317668309766
994,2.161273428387882,65.54149491703343
995,2.153943784356171,65.53541515938711
996,2.1691374996085773,65.76099213400329
997,2.3067397762971105,66.20072755823325
998,2.243024487794399,66.12919708276655
999,2.2334958818102777,66.2258743972469
1000,2.2160567711308237,66.28832696513635
1001,2.2418036494692317,66.46700168834055
1002,2.252316728184956,66.53746122392756
1003,2.2638456447924455,66.79197780252453
1004,2.2041827051969287,66.69726123593274
1005,2.290138373216848,67.1661037531125
1006,2.277112717555774,67.16729339444014
1007,2.330129001633556,67.4040987244294
1008,2.356331707420288,67.66137118240516
1009,2.3387724064538546,67.7248327542399
1010,2.4102230150286057,68.20595856148164
1011,2.333775338001203,67.93959542640917
1012,2.4055031663996713,68.36079722951071
1013,2.3739842125769077,68.37979625772073
1014,2.428512850804468,68.90923007160133
1015,2.360810355033936,68.72765586696177
1016,2.494155517630742,69.33061345536166
1017,2.5608102310792358,69.67093788312322
1018,2.5867158341044614,69.93805234115591
1019,2.3251049272198325,69.14016291005964
1020,2.3288254529654884,69.26059495832017
1021,2.6742238150162057,70.46003825625843
1022,2.6066678968211527,70.34277538049754
1023,2.662643548554091,70.73862450666331
1024,2.693097425516391,70.90083749660869
1025,2.7373723718901464,71.16752651724367
1026,2.43100788310335,70.11488402554946
1027,2.651817974272557,70.9520052951298
1028,2.7781915140626072,71.47692036616716
1029,2.7886579608958093,71.50799602988981
1030,2.4387967801283925,70.39206979315362
1031,2.4397705865863606,70.42695623007134
1032,2.460478034089374,70.56891061429171
1033,2.4074684159359125,70.37867912115982
1034,2.4918165738854565,70.83331873831979
1035,2.4192481133373827,70.4250153446408
1036,2.432675221689957,70.73071598567857
1037,2.413141315934371,70.5935490505752
1038,2.4711096070104994,70.9148854681817
1039,2.698280025401556,71.92147144547555
1040,2.811984026347029,72.06859139071949
1041,2.8417619137666366,72.33727772342195
1042,2.8170637201352045,72.25931331388216
1043,2.828695556357066,72.38452903152856
1044,2.6886577683010926,71.77967737322544
1045,2.6030188833277137,71.51562071133064
1046,2.761371443825224,71.99109371061135
1047,2.5566402402703043,71.2709236609388
1048,2.7726847729769286,72.09322763934904
1049,2.6828936293421584,71.68671327283852
1050,2.711461936737142,71.71840242646557
1051,2.6828426340022125,71.35857663708657
1052,2.6884083000790224,71.46058596219319
1053,2.6661513446841556,71.09667877766914
1054,2.641145230738326,70.9325758841005
1055,2.6417458700203933,70.95454924441493
1056,2.6538713426595133,70.80276553445832
1057,2.552542060019241,70.3235344756091
1058,2.5893347897631878,70.20529551588334
1059,2.5221976051546733,69.92318428483581
1060,2.6076224759451194,70.33559449272154
1061,2.5506015315779385,70.13381373150136
1062,2.619416147134269,70.34036063826034
1063,2.5124886978554377,69.91920792489643
1064,2.6102857096833527,70.2003552659372
1065,2.5749284136303006,70.27116441839098
1066,2.6312226340824805,70.34148309864543
1067,2.648755388123087,70.50270828023879
1068,2.631680001385161,70.47590297762746
1069,2.5641953518716485,70.08782970926391
1070,2.6680109208115907,70.73473087185423
1071,2.668375169858558,70.83004948224071
1072,2.6533971859780134,70.80925763090471
1073,2.6352041847794574,70.92639547353376
1074,2.6520856069343948,70.75776967039972
1075,2.7003518528074832,71.01295937871984
1076,2.655474757368,70.74930416805431
1077,2.6151630132967316,70.53519524656559
1078,2.3904190857453185,69.66447916706721
1079,2.3599266726899604,69.68494034657057
1080,2.595518074434538,70.40132751331795
1081,2.39455028139076,69.6445194516967
1082,2.6091448892612736,70.1971843578558
1083,2.5711103493080083,69.96743436345093
1084,2.594369708687753,69.9012006701981
1085,2.5761910565483563,69.71764050453662
1086,2.5424998006059742,69.58593100049164
1087,2.49536288862726,69.22705165986629
1088,2.4927989300416127,69.15318390710134
1089,2.256979465128212,68.25203311398869
1090,2.294242511445504,68.3879479548477
1091,2.2514504326206612,68.22362733434852
1092,2.261316025709814,68.20297083504971
1093,2.5470280777926164,69.40048775344755
1094,2.460714928173307,69.08347311802616
1095,2.571788856594512,69.43491762203115
1096,2.2636525548591555,68.38337371059332
1097,2.3041397045129424,68.66203831328173
1098,2.4962168037684247,69.24043113789335
1099,2.516451952815551,69.46837364311871
1100,2.511705560847239,69.52547813513232
1101,2.583146576643487,69.91246551204277
1102,2.2717968922025173,68.90206219238188
1103,2.3323606470066656,69.13571925088262
1104,2.5689275623324743,70.00467935631953
1105,2.5514252069793013,69.95134291141565
1106,2.53389628290923,69.84384382413543
1107,2.5470846591903924,69.87071960702791
1108,2.271795670534961,68.86886555638799
1109,2.513692002369974,69.61336418132879
1110,2.563643682874743,69.85079590331239
1111,2.301799495073294,68.78394101871515
1112,2.278361123644884,68.73674515650299
1113,2.4822723285130244,69.34925521518475
1114,2.500630065382917,69.47330465423123
1115,2.481535531589413,69.20084657145509
1116,2.487829193872501,69.2210716090999
1117,2.4634887473436144,69.14767132547297
1118,2.4486254125233033,68.97869319241909
1119,2.4843791328304534,68.94754947819241
1120,2.435433366412316,68.87088992382564
1121,2.2152587771032275,68.01044035372117
1122,2.2289499151119876,68.25780459626432
1123,2.2320665997832934,68.45137781423345
1124,2.467092880746342,69.15546032429175
1125,2.2523824211022005,68.41494941703226
1126,2.217291952646256,68.48615375880503
1127,2.4725316501565096,69.3138406302007
1128,2.483422352040628,69.44930426097051
1129,2.299866793334402,69.07708748729775
1130,2.318880213040742,69.4014347016756
1131,2.211547705786538,69.13313932387884
1132,2.645178719268689,70.61548580753562
1133,2.347516271967664,69.76287181855534
1134,2.3064359315704204,69.65432745558282
1135,2.2968263339432835,69.58877421927497
1136,2.263850025868643,69.71278468030702
1137,2.2854381616035866,69.78554737447804
1138,2.3342407042923248,69.53315560339504
1139,2.335025924209289,69.74246551371034
1140,2.510440972134046,70.43709324016676
1141,2.3377471408204715,69.68884153569329
1142,2.5855394691752758,70.3789525244707
1143,2.505267734038653,69.98897134968651
1144,2.586954846638631,70.28904579239087
1145,2.5124692214424864,69.97664366203321
1146,2.5461135828812305,70.10813259481351
1147,2.5527972526146074,70.0978496013147
1148,2.578252767890126,70.18964379104156
1149,2.4872461307251603,69.57229022937717
1150,2.397422969635818,69.49137829311577
1151,2.5146412371698776,69.92732761185381
1152,2.4679952286553704,69.42143325783145
1153,2.479078360396162,69.55924932716938
1154,2.5132560632352954,69.58995872606717
1155,2.502194792914272,69.62261124245464
1156,2.531139521115183,69.7725593865785
1157,2.4501571588797146,69.39977681987338
1158,2.4648145330696862,69.55432927494351
1159,2.4534018251457286,69.54504266260463
1160,2.5099435374414925,69.7848168277625
1161,2.476469796455957,69.68666230706154
1162,2.57155052918294,70.06718361922181
1163,2.4923072947453413,69.72026568197273
1164,2.4869796568484586,69.76367856924152
1165,2.4582162225307593,69.67017343738264
1166,2.43743632771583,69.56185318155049
1167,2.5496441753872676,69.97837467228953
1168,2.440673483247461,69.41591452418356
1169,2.5482364525367003,70.01405405741252
1170,2.3776613972805003,69.6160284887339
1171,2.4976298324217554,69.88917463508902
1172,2.4185872447840064,69.72691480476608
1173,2.547535539272779,70.1344560021966
1174,2.5241147868916274,70.04247775947297
1175,2.5382790082605586,70.13305005513813
1176,2.5430044992149696,70.07171813743794
1177,2.524308325671598,70.03468155241222
1178,2.4994987502964334,69.98589906446387
1179,2.44661797939611,70.02837538129037
1180,2.503398109058493,69.99095457574903
1181,2.545203922045541,70.27605275804312
1182,2.228711087802837,69.52912811119845
1183,2.510185668868096,70.30424497089946
1184,2.5496855054011753,70.59474774426651
1185,2.5439237737559375,70.70330639542115
1186,2.524604219590488,70.66664217849817
1187,2.45866525022576,70.79672117196993
1188,2.2829476385193237,70.26827641187953
1189,2.308679339592522,70.28171643569581
1190,2.351490637640838,70.57220403726579
1191,2.524899260027441,71.17743937060327
1192,2.5510081419238153,71.67719511604417
1193,2.619937069121409,71.80244713208656
1194,2.367575929497733,71.08588541909015
1195,2.6022810964137224,71.99014689549536
1196,2.4215620731579617,71.37451022408194
1197,2.5916591591654132,72.10837101290495
1198,2.610315877395351,72.23759163586769
1199,2.4392763335388006,71.63495224685612
1200,2.399348715344466,71.41854861078593
1201,2.3963444361512822,71.70318502226162
1202,2.587667041720169,72.4014548010163
1203,2.50246909352974,72.11491180393665
1204,2.612710302816955,72.64792929572545
1205,2.450709121580113,72.12927861678371
1206,2.6165124131224933,72.73093219978573
1207,2.675511006658484,72.99622166571862
1208,2.637442675933707,72.93640954949343
1209,2.631202868116152,73.10560437229998
1210,2.6709479036778485,73.36795809609328
1211,2.7379749936502105,73.80286084687908
1212,2.8166589543659613,74.11811994157351
1213,2.811901960036778,74.21449972712335
1214,2.8239781837927254,74.42627034231325
1215,2.8023600280782595,74.75120698949787
1216,2.9086934011303183,75.06471685559728
1217,2.9855757184768437,75.44420629600941
1218,2.5464355541097587,73.97059064292097
1219,2.9000997036178293,75.42854009711627
1220,2.6206211510073345,74.59426816126489
1221,2.5839087359984694,74.49342002463453
1222,2.9215244031644065,75.91789991991155
1223,2.744051925428738,75.33849041864835
1224,2.9180766494006143,76.1052413216552
1225,2.9515380672065517,76.36401883384384
1226,2.9264739926391306,76.25209979393374
1227,2.726531572661625,75.69495038969886
1228,2.9714749597328076,76.34656381606425
1229,2.9182658017121357,76.03482526753531
1230,2.9440800740621222,76.17701687026431
1231,2.9626566519849127,76.24961696899076
1232,2.711262317046597,75.20163038039372
1233,2.982459515872724,76.17711924360697
1234,2.930068002171737,75.81757658996656
1235,2.8465782362396403,75.34837554353012
1236,2.9275348766325116,75.65344079772052
1237,2.912676796731483,75.53023219161021
1238,2.943072278201149,75.75548137222609
1239,2.591656509322921,74.3034564285602
1240,2.9229559320577403,75.28185230683158
1241,2.935267783537758,75.47912077382004
1242,2.6086648403778945,74.26527186086246
1243,2.5922812039839003,74.29283668712976
1244,2.825751017809185,75.0528842548096
1245,2.830619785831989,75.20807043928026
1246,2.8873603475756338,75.4118715150267
1247,2.94941637988331,75.75593503984902
1248,2.9474534993115733,75.83837686164412
1249,2.662310406515417,74.84985386929827
1250,2.931419441356712,75.88294816823704
1251,3.0735330418360993,76.47625410717902
1252,2.6442318350023095,75.15296435461603
1253,2.6807035668524226,75.27067058096821
1254,2.681663248948396,75.46351810979802
1255,3.058917411374311,76.626988096413
1256,2.687676947323088,75.29078859408287
1257,2.9069258018904764,76.36113769392655
1258,2.669267501772482,75.18492865883223
1259,2.95597831072241,76.24758326579223
1260,2.9442218786793695,76.08051799597118
1261,2.926031632885836,75.84692209229583
1262,3.0008420962811533,76.04730235509878
1263,2.545853374256241,74.62694338905779
1264,2.8961070828452486,75.96985050343956
1265,2.9036710949538924,75.52152595016977
1266,2.860565166410723,75.08392498989382
1267,2.623599828599634,74.41203389241866
1268,2.6393900818524814,74.34564330336791
1269,2.6577153360953503,74.35796957220447
1270,2.6098680776412304,73.99440743576147
1271,2.6395739514765273,74.04588389297238
1272,2.5941130421896923,73.95844516817
1273,2.8407650232600052,74.86872979467181
1274,2.907399933802092,75.1463089468665
1275,2.542715538006265,73.88487540245345
1276,2.9214468844590704,75.33903381186019
1277,3.006395565042465,75.73912774785835
1278,2.872005679593292,75.14970731111042
1279,2.9273290509785275,75.37851415783163
1280,2.8751685060695897,75.3921141778522
1281,2.9853737069519197,76.08849703249513
1282,2.9397765708647925,75.68872454410028
1283,2.6603244906494017,74.91773333813606
1284,2.9374649437130014,75.9834489037651
1285,2.961214145557331,76.14135846436852
1286,2.9299872444270703,76.03162973147107
1287,2.978142543578486,76.16323153734962
1288,2.930893653229601,75.87388702835962
1289,2.9113294077620853,75.75344845904613
1290,2.9631055016190744,76.08013968477137
1291,2.9317157949551285,75.77488266738158
1292,2.873435416205992,75.50488811809556
1293,2.890962454855502,75.30377482568576
1294,2.8334527405819756,74.93818938387915
1295,2.802649138188235,74.74047680599118
1296,2.9860409736744646,75.3264158628886
1297,2.590436061095108,73.96214897912593
1298,2.842355726036848,74.72572110346437
1299,2.891998350574072,74.80306698373737
1300,2.8183789363849425,74.42670887806764
1301,2.8037797890275953,74.364051572904
1302,2.870159630109066,74.81485954496665
1303,2.6388788437327073,74.16283809153869
1304,2.8764287760695044,74.91288949591802
1305,2.5628244770116235,74.04325493924945
1306,2.6734483201763686,74.52681097679871
1307,2.5812594376514078,74.16807736995712
1308,2.6065673008480075,74.4218939958432
1309,2.912248954141021,75.39800308611255
1310,2.874296230903085,75.40493097568145
1311,2.8918305154298896,75.64239211787847
1312,2.8747876172295173,75.601748927914
1313,2.897744685179069,75.80413323465527
1314,2.6594510707407686,74.9062465721957
1315,2.661201401058668,74.98397330446188
1316,2.593442850479828,74.66695442554423
1317,2.624336061655773,74.75283872801063
1318,2.9343070507656472,75.94269050538314
1319,2.6473348211533008,74.93010230544336
1320,2.8663746323544483,75.30207088279897
1321,2.8555074163200307,75.19550169770037
1322,2.9231974144839503,75.44804689125601
1323,2.977683394155667,75.5926403337291
1324,2.917440858850427,75.28622244687142
1325,2.878050768319204,74.98457737482461
1326,2.852082950682611,74.71300521471416
1327,2.848750711063932,74.67986019035168
1328,2.88791962462756,74.69791352144128
1329,2.5723765658378843,73.47684853975261
1330,2.8848005031200405,74.6918908000044
1331,2.7985111540904213,74.25397903341987
1332,2.902484624155025,74.56403804592372
1333,2.7163758882671862,74.08373737961973
1334,2.879657519922871,74.56023795819445
1335,2.8556497508577023,74.35416172932173
1336,2.868099241708405,74.26809753381615
1337,2.842364484921246,74.32496719374723
1338,2.54549695705029,73.09895798843537
1339,2.816326148915857,74.10582755953138
1340,2.8238233856254005,74.08347551879723
1341,2.8254406030926535,74.08057690909892
1342,2.7973882043735667,74.20862674081887
1343,2.5188173009012016,72.96487593056268
1344,2.902561882297355,74.2827839656351
1345,2.863729694396341,74.12599981016461
1346,2.5530052961817824,72.99566557522441
1347,2.6176398184717664,73.285770974709
1348,2.887712000971471,74.22034355598635
1349,2.9173006162563224,74.36350451479429
1350,2.8526858547954212,74.1595722051646
1351,2.8706451292746764,74.1008276410151
1352,2.577016073164376,73.23801202311827
1353,2.830763230601864,74.11340442054808
1354,2.8754010322613732,74.266291327992
1355,2.902613802123405,74.38376066923708
1356,2.865890108736468,74.1299541973661
1357,2.539810099322509,73.01633574635756
1358,2.8181530414210822,73.85198063362785
1359,2.560136131258114,72.99343226621322
1360,2.6415644429086154,73.16819758090911
1361,2.554843170825454,72.91104920016419
1362,2.8341742559428784,73.74483728585679
1363,2.8109793786900985,73.65041574003183
1364,2.853581081439374,73.80425419801452
1365,2.864220806027854,73.86258793426624
1366,2.5248613307871617,72.42828387715358
1367,2.5385773366319455,72.62125260941382
1368,2.7799694680648375,73.28074674180141
1369,2.687281970116193,73.19734203613709
1370,2.530871057206311,72.33681045613864
1371,2.7600364810419773,72.93817279765449
1372,2.8750777168173234,73.26738593569793
1373,2.7734925327351565,72.83881200370186
1374,2.7801713824434935,73.02612305185002
1375,2.7759553423304792,72.782182712149
1376,2.757443338968848,72.80813288430946
1377,2.7596860537863326,72.69140984151929
1378,2.8102120432909934,73.05824001115754
1379,2.400786379074342,71.24882813807035
1380,2.7283363018150455,72.56865782592673
1381,2.8028234302914896,72.61485938661001
1382,2.790230139344558,72.48809474534143
1383,2.789842080150552,72.3700606032284
1384,2.689695549495766,72.23112977906845
1385,2.6114983028908387,71.6169414367583
1386,2.682935394433479,71.86647291816394
1387,2.3246589849207377,70.45683591872452
1388,2.3712171515933727,70.88172584340116
1389,2.3154612526140355,70.35194732307501
1390,2.331422821784306,70.47802447905791
1391,2.722550556272409,72.18510758857799
1392,2.7819567830420686,72.28240203216836
1393,2.786372559877464,72.40053929346571
1394,2.822788292688333,72.80589093650158
1395,2.770128411219629,72.74757378580777
1396,2.7875359536137023,72.92430886778902
1397,2.841125603212052,73.28063160448056
1398,2.8370535229681217,73.28664226390329
1399,2.8793627838780815,73.82461337736751
1400,2.5596831798360724,72.6399327856245
1401,2.837901578214769,73.83594559906888
1402,2.9098828145379056,74.17068452614558
1403,2.575822953403032,73.13698928853228
1404,2.98408089404172,74.74138442475403
1405,2.884614321272367,74.32938567856732
1406,2.9043501052329437,74.25814783676947
1407,2.932102023181083,74.52659341600956
1408,2.9136700084263687,74.43938131253985
1409,2.8728091632327337,74.00274957034561
1410,2.8998955753761235,73.98432308178268
1411,2.867721928477089,73.76803071530323
1412,2.565676957802358,72.68888618356385
1413,2.853606167641799,73.35433815072918
1414,2.80918154926563,73.1361275018935
1415,2.841935006796628,73.03709730646533
1416,2.4390683082791345,71.30627711690103
1417,2.954280277549522,73.24682940878556
1418,2.800957746974408,72.2270658602082
1419,2.791911755519629,72.05754833231765
1420,2.7251220886017373,71.61140996004039
1421,2.7560728860247377,71.70243862991634
1422,2.616233090691969,71.25584731516655
1423,2.376552538906872,70.34722232957708
1424,2.4087414792397883,70.62923989737187
1425,2.688784173216972,71.58054888094014
1426,2.673610941984317,72.07612181575878
1427,2.739850157673906,72.46391608285496
1428,2.416093182817613,71.23501512929438
1429,2.83506495997836,72.86436994001771
1430,2.753067970239217,72.61686355444267
1431,2.8215694277402434,73.17384325190207
1432,2.895999303849225,73.57525162045968
1433,2.9040572410981893,73.554421168132
1434,2.8638182060681605,73.38091593969796
1435,2.949438937483793,73.86019322494955
1436,2.9487725556491338,73.88212703709429
1437,2.9296107438406125,73.66247172709495
1438,2.547084975918153,72.49254178790899
1439,2.920172576388779,73.57930994458614
1440,2.8977070217338947,73.45986995611145
1441,2.6495826503306596,72.26890426095822
1442,2.799591461926727,72.5502150487352
1443,2.8458361874096734,72.50456238780842
1444,2.8409553163506955,72.3568925540915
1445,2.8201533241356502,72.15230438346762
1446,2.6393058567021814,71.12470444804059
1447,2.7165632353110993,71.18172355073638
1448,2.7051878778886245,71.14077852374213
1449,2.6716945195935407,70.82073634759142
1450,2.6618037593995427,70.5697654454683
1451,2.6006586090183323,70.30307212115491
1452,2.482065729052992,70.05553903702919
1453,2.3396428093555204,69.2837748239667
1454,2.3218749487885986,69.48094197726628
1455,2.294546229991119,69.3312953061572
1456,2.5016474424815205,70.29731356722279
1457,2.288327552538503,70.02912478922009
1458,2.7733709836476104,71.56932136123994
1459,2.466172707712792,70.69409279040687
1460,2.7265092247060116,71.7069619704847
1461,2.841928030502321,72.18074095664916
1462,2.8703847815648635,72.54319451143246
1463,2.8118117135381198,72.41445250778881
1464,2.868126754884859,72.57865662893602
1465,2.8708803738007043,72.71542267778561
1466,2.5640182537286615,71.67831971267474
1467,2.9492621137971176,73.14295220550645
1468,2.909259542231969,72.64379354774405
1469,2.5132097599582064,71.27310853012784
1470,2.8868129096589525,72.49699129071288
1471,2.444510590084149,70.93840459073127
1472,2.813049646881787,71.87917062401544
1473,2.430591203236445,70.22502232682116
1474,2.837253176009742,71.57702510361314
1475,2.7786540884523436,71.27522371423422
1476,2.6817763239227608,70.82239218693955
1477,2.71246839361256,70.7119300031833
1478,2.591757892916715,69.9578094153116
1479,2.5099072522549655,69.55754280067082
1480,2.490720559133114,69.32192047568256
1481,2.522910802476229,69.40133468371864
1482,2.525541589483768,69.39946440096338
1483,2.3969361214510716,69.16490517835489
1484,2.456411806246552,69.65164244777226
1485,2.5271640074193837,69.76563802197056
1486,2.4588915771146964,69.7743750417965
1487,2.444228137153859,69.9088610336612
1488,2.571421167770563,70.43382623576152
1489,2.545873748254722,70.56545590046878
1490,2.3522186225723676,69.86488058634798
1491,2.7125972537683687,71.52827006784887
1492,2.4032636931107336,70.28799510129932
1493,2.506784991673052,71.00317591384285
1494,2.402560328289267,70.6296952789514
1495,2.4935616122494735,71.11413210169175
1496,2.438975348687111,70.8190396710686
1497,2.4399360470789904,71.00263654200059
1498,2.5291141743653465,71.18111186187325
1499,2.5117436822616606,70.93915178283167
1500,2.4979156181059907,70.81069153505891
1501,2.4325701979569394,70.37116420398043
1502,2.7857021474227146,71.66143208062019
1503,2.865341507086907,71.6089827645156
1504,2.6724941246025424,70.60222197371488
1505,2.3853024695047167,69.28288502472681
1506,2.700543318658203,70.30537880658213
1507,2.739186355892547,70.44473506341173
1508,2.6956949130278054,70.0906673182873
1509,2.650248900038283,69.72177324693328
1510,2.637575685544505,69.43121244336798
1511,2.6227293726386685,69.32826892628813
1512,2.5742462858750805,68.98583961716321
1513,2.586317774654552,68.92592840625731
1514,2.519481686245336,68.81218180206645
1515,2.6423385842365135,69.22356738452845
1516,2.5944512484478435,68.908689814271
1517,2.545073201356618,68.59832848331429
1518,2.5186348747083693,68.61844124069941
1519,2.443996738136112,68.53488762695847
1520,2.496539315996988,68.48284401414631
1521,2.504104980970684,68.60794925257444
1522,2.6012001746149576,68.90971685986722
1523,2.424718177731376,68.37579802184432
1524,2.46336705212468,68.46578472686723
1525,2.505373424018191,68.39023885906488
1526,2.414993908626079,68.29235034279264
1527,2.5168581830200196,68.2402463066331
1528,2.395256287103069,68.20867034512709
1529,2.5030008310967733,68.26076335392798
1530,2.5036386783252316,68.23937276061496
1531,2.4421609799183672,68.12868114017097
1532,2.4984987289687584,68.43584175506315
1533,2.526301945222519,68.28099789526091
1534,2.433548050840295,68.20433551184371
1535,2.3881221361490867,67.99042027684605
1536,2.388329159196479,67.91935250915023
1537,2.504904063838375,68.0650841417417
1538,2.4740551495273215,68.17368718781181
1539,2.5033470588920124,68.44413288738377
1540,2.5406099043200583,68.42087515094958
1541,2.5151463841899875,68.30041913024715
1542,2.447387754417099,68.07526299253301
1543,2.3595059361493402,68.03936580472774
1544,2.4317574757803335,67.93635066434015
1545,2.442140053588431,68.10680195320172
1546,2.347375073810691,68.15837024962524
1547,2.280914638475494,67.86814804664745
1548,2.400092050684305,68.18223620581426
1549,2.3748940331515462,68.43848605166144
1550,2.3547711200802923,68.69587333196773
1551,2.5234348488182325,69.3642268906509
1552,2.5833785549945256,69.74008785723275
1553,2.562866979939499,70.41114385439602
1554,2.694609563474971,70.94613914468434
1555,2.5197813742908295,70.80299658030191
1556,2.5627383773991546,71.34869320471991
1557,2.612589618505872,71.98380238862741
1558,2.641908254554723,72.70036351277676
1559,2.697715137203471,73.11454130232588
1560,2.7775228564484613,73.96188792058106
1561,2.8168532388283927,74.58219128938374
1562,2.8564919161345363,75.02198944011211
1563,2.959933700753924,76.05395777180237
1564,2.955379629080014,76.37286937675309
1565,2.9489663488169544,76.79805878125282
1566,2.999094564729041,77.52646071258425
1567,3.285966749604586,79.20702877431295
1568,3.1050032897529527,78.80415344089333
1569,3.0925028623845168,79.17110508302832
1570,3.2165524057502513,80.00955461572063
1571,3.5336911180717516,81.5241141026522
1572,3.4684293399420243,81.97730861995987
1573,3.5744517522481343,82.6342871683119
1574,3.668771702238849,83.61965745445757
1575,3.6340589735702524,83.70465936974229
1576,3.733442722440039,84.72923303915981
1577,3.819373951546729,85.44713863430354
1578,3.8320788145568367,85.84299462170213
1579,3.8814317547702606,86.35549577694282
1580,3.895865600937689,86.85786000035364
1581,3.961729362909799,87.4097060355236
1582,3.9669191222972944,87.9229558213746
1583,4.059729128774714,88.50140502639154
1584,3.977335935490117,88.82606351021309
1585,4.21053342959443,89.78507604131248
1586,4.240230399862859,90.21838675693311
1587,4.268240827118638,90.76134035186385
1588,4.459553407639083,92.4501355748768
1589,4.536606479587552,92.26811622762483
1590,4.4208341782617255,92.33037734156771
1591,4.34521511145847,91.94277963575077
1592,4.159531128938302,91.48432546025452
1593,4.412525255502548,92.69390559536028
1594,4.086977375646797,91.41536663021597
1595,4.075132127714083,91.57467075722363
1596,4.315239228692298,92.32640511726825
1597,4.298350285873839,92.26375004670162
1598,4.045386875588705,91.00533841057566
1599,3.9823822426764237,90.63466947275124
1600,4.239793349492925,91.55434735187576
1601,4.221226745039826,91.4205615346636
1602,4.140710088186157,90.80726694863483
1603,4.072520852567777,90.74275645984983
1604,4.19691980976157,91.08787129345983
1605,4.153690403938843,90.97826946004011
1606,3.694167388655362,89.17823150906969
1607,4.107612258099092,90.47385892652947
1608,4.220259729900358,91.05327516321111
1609,4.217345205955043,91.0681919968225
1610,4.0468799443351475,90.75100109351256
1611,4.184198693942502,90.64403225473612
1612,4.111324594119735,90.62635395456134
1613,4.041856528979059,90.30990044928086
1614,4.385016666959461,91.65114805461349
