,slope,intercept
0,0.09861277634935285,7.67490559640083
1,0.08608252216377618,7.325644096298459
2,0.12222032643807387,7.555983922351419
3,0.10187387161466904,7.270889646507558
4,0.07095282414438303,7.191886217974016
5,0.07071274713173616,7.038602728054819
6,0.11415953490415005,7.2899152372505585
7,0.11838741288501561,7.228982101038225
8,0.0862673434898925,6.988666040670822
9,0.0783650861293731,6.939286213285786
10,0.0825478936767381,6.843979946189835
11,0.05847821185268988,8.571403526568249
12,0.03684687439424672,8.352992799993885
13,0.08248100564269253,8.545581392151357
14,0.05947283924694209,8.453727909594136
15,0.05909394911873613,8.452590156436816
16,0.0743619608528521,8.540412048030547
17,0.08872253703846454,8.82059766231089
18,0.08634507189037559,8.560521062900573
19,0.08394817571095624,8.585594408430728
20,0.06878120840578515,8.563801241808816
21,0.07968623166730235,8.552061845682292
22,0.07866320405010814,9.033799114504456
23,0.06846804221576552,9.009242657961234
24,0.07821474017210504,9.186344185148489
25,0.08589634393073131,9.278699665500168
26,0.10229516226977967,9.402124548159312
27,0.09029576188982738,9.425589596306146
28,0.09639435462014642,9.380870240745924
29,0.11213328705192223,9.601082669244494
30,0.11469833065779828,9.712317042727497
31,0.1217068484530585,9.860713159676951
32,0.14842974936326472,10.217104490271693
33,0.14321832956350244,10.282590250261768
34,0.18480765084202314,10.712658859055662
35,0.19780075323948676,10.875832167449106
36,0.19351258093082968,11.184353034948199
37,0.22660328095012253,11.362610992524337
38,0.24061141967344196,11.74378245957898
39,0.23939844516208214,11.901204759327674
40,0.24562787776910627,12.130024616061094
41,0.2568967822314018,12.35868404756697
42,0.2907478523253128,12.823595387571117
43,0.2937634806780932,13.074073174081851
44,0.3234289957539582,13.420031852497294
45,0.34821812572768795,13.812473925392409
46,0.3644958412295631,14.107412206373752
47,0.3879792141658517,14.410002238006083
48,0.3960924693177534,14.61235443695786
49,0.412595484387436,14.963955700435923
50,0.45401394393177585,15.417204211340893
51,0.4802552029043604,15.819413447678901
52,0.4934585491105895,16.165323665602365
53,0.5198840187374905,16.561166252711093
54,0.5282894536662066,16.810082693204908
55,0.5775166883754356,17.3214576295549
56,0.5883276633260196,17.61557958223603
57,0.6097810892317248,17.97589017041778
58,0.6467474604512689,18.448165490429016
59,0.6439828186644297,18.681673726130235
60,0.6806606558011448,19.22054445386913
61,0.7067823578798056,19.648166400583765
62,0.7499965524441308,20.11990802841859
63,0.7660771229890128,20.438198258283155
64,0.7818457781100726,20.775453955671473
65,0.7918808046697967,21.10014420055641
66,0.8279821953662067,21.54145730309987
67,0.866510141859444,21.975226649107338
68,0.8767521937648474,22.34761048900794
69,0.8973834777781431,22.541871227836175
70,0.8991709352319495,22.766243858452896
71,0.9416307365914525,23.26689793091067
72,0.9970077242108734,23.747205216395447
73,0.9968378085662606,24.178858522186896
74,1.0385701569972807,24.596012718600374
75,1.032114815569119,24.876954421624124
76,1.0797316501421823,25.389210723227443
77,1.0944480272986639,25.73302194599379
78,1.12267373304012,26.18291533177025
79,1.1647746755708557,26.653560367225985
80,1.1377935024387609,26.93830133227427
81,1.1824362646005488,27.36687313285133
82,1.2617964983827152,27.794878324243978
83,1.221981714419349,27.976660017486854
84,1.3146931723070083,28.61193232375627
85,1.272693406184844,28.777063173153763
86,1.3533462164143495,29.407948236136527
87,1.3804844531665228,29.783662002544627
88,1.3860367254345467,30.183183830411604
89,1.3589493749589485,30.447989501425248
90,1.4522515719445326,30.99881190479676
91,1.5017662337850648,31.534997665087115
92,1.4903714927777172,31.911344386945853
93,1.5226614713904207,32.1728244216541
94,1.577609972573435,32.709440313795234
95,1.5312676175871214,32.83778338358786
96,1.5680096070428047,33.31265588896453
97,1.5983086523938264,33.5121186869231
98,1.6281910873522225,33.96664370688841
99,1.680680970435129,34.456359747744216
100,1.673293494093115,34.74610718402789
101,1.7288924764262843,35.21747106121148
102,1.7049219334884502,35.45762963020071
103,1.7695728050557027,35.96304466257056
104,1.748590166791436,36.199887488976145
105,1.7699159558140471,36.635099203248686
106,1.7800004686167963,37.00266153908581
107,1.8212016074650192,37.448449721147256
108,1.819491243069664,37.670897824994825
109,1.8661329517167569,38.13212949484807
110,1.917592974806977,38.56505744417704
111,1.8864400490454627,38.79012597681364
112,1.9061791404991228,38.9823472376066
113,1.969403703922013,39.47417036571883
114,1.9461122338321595,39.70627121541276
115,2.006875541974073,40.12087110206303
116,1.8698445911052506,39.92383974625768
117,2.043018035871651,40.75329792265055
118,2.0257102055951783,41.084881136972484
119,2.032787780733389,41.324333589703265
120,2.092231959811672,41.748345521774205
121,2.065892074423688,42.06747682301655
122,1.9432679988478823,41.92341711111643
123,2.0044319695270767,42.42237978956781
124,2.1405613036895366,43.08124975445437
125,2.1843710078086307,43.45482559846353
126,2.126733219051319,43.587254896630434
127,2.228802805965238,43.95264944939949
128,2.1410479955070207,43.98731204623837
129,1.9948810130661643,43.69166624338819
130,2.153070114567764,44.42794703801411
131,2.1435906474861315,44.53577902880549
132,2.223569557210543,45.14601914096065
133,2.195545552344107,45.31446461772908
134,2.2425234927007986,45.60430235072002
135,2.2344621023046796,45.77331030224606
136,2.209439552595931,45.87756571317248
137,2.1747357076496634,45.70203349509667
138,2.2456306253983254,46.38751003154653
139,2.339993163941775,46.81809348096793
140,2.2701486220266682,46.863857790095324
141,2.2670470256171256,47.0319677607526
142,2.293537213899326,47.14423985741415
143,2.313568243942894,47.39400054787391
144,2.293673088714778,47.60093195770675
145,2.3685371327819658,47.95527302697488
146,2.3887057599557115,48.1863400854286
147,2.2501206056812952,47.879314792906804
148,2.3949416262847536,48.67415446131065
149,2.3326657216518143,48.688699621099275
150,2.323495689519499,48.837022554103825
151,2.4187796813012743,49.296530506537835
152,2.2866369484241824,48.99028825281136
153,2.3636078685794777,49.479703240703095
154,2.2892677088641817,49.3356646528917
155,2.329352536217501,49.61276885967652
156,2.325556258239946,49.79858704461217
157,2.223977606379256,49.593858926453784
158,2.2048280478413957,49.657952905144526
159,2.3390937036513915,50.25048366321392
160,2.3545759122598366,50.403210498044594
161,2.3390890324526916,50.569601070605074
162,2.5154257512220615,51.34302083312629
163,2.254283265955235,50.73970821143776
164,2.3686019804448386,51.2307379714359
165,2.3680775792436726,51.42282013070623
166,2.546164496302724,52.20676490402133
167,2.499856513761101,52.24759314038876
168,2.5211580461248375,52.619267468702596
169,2.628414201855155,53.015225124924754
170,2.5373630580304196,52.92677306329586
171,2.5914405008228214,53.2756680412
172,2.5336293178224225,53.401408448750885
173,2.610571099452653,53.92293709431843
174,2.5776420436608305,53.91715704439771
175,2.679555130084336,54.30637872102
176,2.578706292160324,54.28691910364057
177,2.6226832254851673,54.59092024629651
178,2.6669893152323114,54.927662085051224
179,2.6723331500725562,55.100354247615
180,2.6916916146823344,55.38553558622203
181,2.6488693116288657,55.47568507716706
182,2.720711842828028,55.843315389651366
183,2.762339914313519,56.37069565965112
184,2.685308883521843,56.18405598975065
185,2.661257032452827,56.45657907466107
186,2.6803936169617004,56.521001060142225
187,2.520648037476222,56.226336912458734
188,2.6394496943092904,56.81036875522589
189,2.602682105294771,56.8270768773189
190,2.5143099227282346,56.797581605402414
191,2.5264080318407904,57.08015129561498
192,2.4571091202249193,57.05687800267574
193,2.49079431385814,57.47184426320676
194,2.579912498162626,57.89476821402415
195,2.6102190326340002,58.27929345939635
196,2.6123836463798926,58.55335564802535
197,2.509322320003863,58.525933070766285
198,2.6185219332506597,59.14364721637081
199,2.7500205366440547,59.738005228261585
200,3.004402765034049,60.93125003177226
201,2.7208754139888187,60.315136856817425
202,2.685276341924403,60.55162548671884
203,2.803857790538593,61.28903584697221
204,2.725723580106775,61.50735943106954
205,2.8040119871733267,62.00045032410837
206,2.8429511929257685,62.56053583764564
207,2.801658216609422,62.809888870861364
208,2.8417812737292962,63.240541331307156
209,2.8965503978977685,63.636037648219926
210,2.897924897713979,64.19426371729747
211,3.0395416565278466,64.839715185319
212,2.908495427892865,64.99830115399716
213,2.889862683658296,65.40023982692118
214,2.8544148285567412,65.45885514142748
215,3.066384387063637,66.58519149102177
216,3.008673162833982,66.57014479506229
217,3.4986854457407808,68.59269144498195
218,3.0689310395542084,67.57987805444529
219,3.5019187914797545,69.28613203292092
220,3.1974035605991413,68.54084979530842
221,3.0484327079992726,68.42044100381742
222,3.099607719804639,68.91791846332065
223,3.0650734882441935,69.10720749246245
224,3.2071437670859506,69.82286075767446
225,3.2414876116086813,70.22327052184282
226,3.2057891304150945,70.35170538639503
227,3.164881006695531,70.64597591933413
228,3.2178535939668538,71.06076881105291
229,3.3284210430232015,71.63243703783273
230,3.227168234264662,71.65051172017778
231,3.2441550017381253,72.14470781061814
232,3.219831305736659,72.24896458582789
233,3.259351861650997,72.68405550457386
234,3.3791581250904366,73.4807457198776
235,3.3284323639660878,73.62967059173346
236,3.3520423482024837,73.97099861237305
237,3.2487465950022374,73.8141644243247
238,3.381408247940495,74.65224194556798
239,3.2759539978105137,74.57821103461572
240,3.203101933117981,74.3764785561904
241,3.9427157418072865,77.18768575416357
242,3.4041360062445194,75.53361063802056
243,3.3028554840725515,75.3134460931987
244,3.3350774731806814,75.83498227022625
245,3.3991900599489377,76.22585909347106
246,3.340888045091693,76.4094983958304
247,3.3544234521270986,76.59361730347273
248,3.4476984399352926,77.05839155915767
249,3.4954260007494766,77.36171233420338
250,3.587696619968646,77.70358206269078
251,3.4704581878508565,77.6793754582624
252,3.6019017844563295,78.10467752277057
253,3.555554872320425,78.03342357155701
254,3.4983020930090722,77.97515201125167
255,3.563328170092342,78.17742016635545
256,3.6254193248440796,78.55788382672328
257,3.5844634995674762,78.42842674974686
258,3.5723379944718534,78.27622428765774
259,3.596958897936616,78.41987477835151
260,3.5887466486599946,78.35559054280839
261,3.4852636671853316,78.01836113822502
262,3.463908617262813,77.81030249047035
263,3.4218827812333057,77.41809475882934
264,3.5471322250711985,77.94240260576119
265,3.5152403869342037,77.57086044943743
266,3.3614258287353542,77.11286789358037
267,3.6065118654865995,77.87277680011695
268,3.385817712775561,76.93543870820204
269,3.478544121524539,76.81412317190382
270,3.4768256703396885,76.82860579244041
271,3.55750103534401,77.3329369002422
272,3.562996721479785,77.03378758266729
273,3.669107083256261,77.59014215966512
274,3.64832272017874,76.88196473911975
275,3.6880646395646983,76.84932484220286
276,3.6610845142915265,76.71901209073773
277,3.4854577194528136,76.21936049614085
278,3.572106974677582,76.45743230318095
279,3.6029544098572415,76.18646980971384
280,3.5429339247962277,75.88263819903224
281,3.6375657445466234,76.33327595528776
282,3.6728383433392344,76.13976989821501
283,3.5446925787056247,75.69688399701154
284,3.534479940365376,75.46947209434931
285,3.558780916461304,75.30582935479536
286,3.526294173613333,75.22086211739918
287,3.4272476437716572,74.71407292397313
288,3.53684651951759,75.14034966985348
289,3.409809571578796,74.3548260849124
290,3.3864090559406286,74.21164374703014
291,3.374580177284614,73.85865204254955
292,3.5087163136965067,74.28453657420867
293,3.9114505582152144,75.55609443287888
294,3.3951778090162015,73.69440341761307
295,3.6916709600017907,74.61836605336767
296,3.4374837296912975,73.7255618997339
297,3.5167155475637495,73.84933075035038
298,3.4380338885374204,73.44815022591065
299,3.514642651386033,73.4443584578357
300,3.5455418710515882,73.35203267660917
301,3.4773350341875138,72.92484327445085
302,3.5807925786822996,73.25561798636753
303,3.5749893666513786,73.2593933379112
304,3.478416566284333,72.5886086265698
305,3.4577383878981,72.50695031675687
306,3.4806655913805624,72.54801567667988
307,3.4175297522293344,72.10894222987439
308,3.3713929754663075,71.87104869759365
309,3.400876371827138,71.89069042430103
310,3.500682940924317,72.59909343393089
311,3.5550039885046747,72.73391392671813
312,3.5274953750056692,72.50142899461063
313,3.5830879349560223,72.71305215291123
314,3.4612900710905268,72.15582111040882
315,3.915661470952793,73.85925828354226
316,3.9379644399070783,73.87653709073729
317,3.8911581249348353,73.7433135318241
318,3.4497854209533534,72.03294609716535
319,3.4720928664885014,72.10825177565658
320,3.4575173010649274,72.22263460798631
321,3.4279857942294556,71.93379512661484
322,3.850563586559984,73.44921472306272
323,3.485756189269264,72.10720483303801
324,3.445273272499662,71.98278527266812
325,2.9424708460297655,70.24890035285908
326,3.43251703891639,71.93163461018177
327,3.4234532218529283,71.89821368583728
328,3.832618901196728,73.51161397133713
329,3.831455277689278,73.38325286733274
330,3.414772964187689,71.94426880753089
331,3.551126469839904,72.73041241287532
332,3.575441896860817,72.79804188289508
333,3.4657682993313337,72.37842888025922
334,3.5818341392695188,72.64589495690227
335,3.539118495564377,72.24963092219562
336,3.5171262850636427,72.3866456797625
337,3.6472794114369274,72.86658068984686
338,3.534932051201651,72.50282221838111
339,3.5663346478413587,72.75990355185625
340,3.6146718488980505,72.9591812627177
341,3.5508141392795016,72.62933429005895
342,3.4952203773398094,72.54816820117236
343,3.5768901186472903,72.9458548506038
344,3.5483634900878274,72.76796892872873
345,3.5769847869539286,72.9643099156458
346,3.600495805355891,73.05020422356681
347,3.5837585476381593,73.0837885381633
348,3.5703430762173367,72.65239050000622
349,3.588056098835586,72.94061237271283
350,3.583933248413531,73.10689333908162
351,3.57252373999795,72.84033763264824
352,3.6563082705238856,73.63659875274539
353,3.564316315486803,73.34617539061847
354,3.8751379790768365,74.41935200664211
355,3.8870846183827084,74.47590563065883
356,3.8948741670502165,74.52110957478641
357,3.9135867221764387,74.6440434171017
358,3.852131537176674,74.18157415881251
359,3.913201188149524,74.68843833902585
360,3.9397744663255883,74.8247536695611
361,3.942380843476365,75.07017569541563
362,3.9426066593453446,74.850439810801
363,3.9392105973539002,75.04513824337793
364,3.8589207217273658,74.54847038589675
365,3.8948054075833087,74.66970461773845
366,3.946477741884512,75.15850932590145
367,3.9621694255221116,75.17862803603622
368,3.9257141522883905,74.92188975833984
369,3.916462058300236,74.86590205820256
370,3.8936111047537203,74.74090936937188
371,3.8457408894800915,74.5458290526968
372,3.9047322990647024,74.68426547952603
373,3.8457642646874377,74.65276566918898
374,3.954379383259489,75.10191227696114
375,3.8572272622352872,74.4931958647889
376,3.856674165463053,74.4151668448086
377,3.8339575317491894,74.41333297840127
378,3.808483777391168,74.39130040835508
379,3.8023350980660156,74.34121210609884
380,3.8105485307301468,74.33468663857586
381,3.8439307030494287,74.35436280184463
382,3.843621521372891,74.3444155143547
383,3.7637855115619407,73.83849480140015
384,3.716203452870339,73.83551963178918
385,3.5763635194789125,73.16441406587266
386,3.7318376973968435,73.90559351409037
387,3.733103255274481,73.68910586331049
388,3.393780726910109,72.59876619234163
389,3.5191883003820252,72.86519037779134
390,3.726167094428346,73.35144503395937
391,3.7382453982902115,73.33030609072173
392,3.7392960082684197,73.39263873501123
393,3.6723941780317735,72.95212914798292
394,3.6354086492628643,72.66106785383066
395,3.6265450097911263,72.73464419856492
396,3.6042782195271337,72.54291069934754
397,3.6348412517813338,72.81258625930522
398,3.4677919091895513,72.03493603921069
399,3.5551414330116065,72.46814712209584
400,3.6342800155700665,72.6797412719117
401,3.5334793440371186,72.25036999814071
402,3.5554942318784546,72.28579996861505
403,3.468274172212613,72.00671749305467
404,3.5786404456660326,72.73104744237232
405,3.5488844694262993,72.40605555814147
406,3.5866718589097752,72.66043174746694
407,3.5185110753603808,72.40568456519517
408,3.707013562941135,73.0744888806044
409,3.7435529783777897,73.36569009145259
410,3.734860950722926,73.30192053005587
411,3.564019960048333,72.79962099166593
412,3.272211783971922,71.76125916956781
413,3.3330578175641836,71.99271631580586
414,3.7219558489212172,73.51824485670981
415,3.5981950844684714,73.13110638085341
416,3.6179041941100927,73.29757346742996
417,3.5924803688524256,73.22524359809871
418,3.5695080626212072,73.18155312177835
419,3.649600501877205,73.61042389020581
420,3.5502914234343037,73.04503867915062
421,3.579488750166919,73.32763654115968
422,3.561572547782199,73.32364666452585
423,3.5964348760426623,73.47465782040086
424,3.615892192349984,73.57467085685944
425,3.4644966378496647,73.00660462003452
426,3.5567713235590794,73.34863875797872
427,3.585909364034548,73.51368818831598
428,3.517784374976532,73.27752360296456
429,3.5426813628054394,73.42904656992147
430,3.580127463205801,73.68007358103979
431,3.528194102478163,73.39793961358262
432,3.5591252753486247,73.48453741344048
433,3.5477913973194846,73.4339757778187
434,3.6682199882708484,73.90410454002726
435,3.4625517444514315,73.19533295903085
436,3.6718189726538837,73.88646065816151
437,3.5001621527556104,73.31291525062157
438,3.49990737066844,73.2119454171023
439,3.5324140162884397,73.31383578997877
440,3.5710091159237867,73.39144851519538
441,3.3318047636563546,72.59083035925661
442,3.2782735247419676,72.3674261084868
443,3.5670955866803444,73.4002264606296
444,3.417390692140096,72.62988393918539
445,3.3080675654154383,72.44320166879206
446,3.326219025860795,72.23919329780519
447,3.363440047560387,72.42050241038228
448,3.451867843468933,72.7908161474682
449,3.4374325011941878,72.71795369021872
450,3.452481055872428,72.7598085013915
451,3.4555088666522993,72.65240126734437
452,3.422001509495081,72.48331196160868
453,3.4274407145756722,72.44781058475486
454,3.437138606297406,72.41056460188354
455,3.3929162902570624,72.18185194648946
456,3.3621704889300714,72.04441021133826
457,3.3745265435508927,71.94713164671337
458,3.365209961681599,71.93641366894161
459,3.4089765010561535,72.15572095962165
460,3.3824704397962,72.02782628910576
461,3.3589501052930943,72.06281405759295
462,3.3311622590977183,71.79891632170289
463,3.3226508531983403,71.67329986729497
464,3.318033085110758,71.64029472597218
465,3.296257050912604,71.57903880757792
466,3.265505140619227,71.44237458919616
467,3.233753788092739,71.50370359492742
468,3.307461602806201,71.46087502984767
469,3.2263376783568516,71.39751651270687
470,3.3356294432031746,71.76721700062976
471,3.366831365465039,71.75107651176445
472,3.116216162533953,71.01332933243233
473,3.111672714875731,71.07433514823902
474,3.255423403547029,71.53484803598424
475,3.2089012973701134,71.400737535204
476,3.397500714994341,72.20084449431646
477,3.1443826943318767,71.39537627649835
478,3.2575993029953483,71.6057613046355
479,3.2213412687304235,71.77007193312899
480,3.231441536165683,71.61575650968503
481,3.2385243640411465,71.6955616603851
482,3.211484437195668,71.64898811112892
483,3.2398048959895016,71.67869082474841
484,3.2256987192866813,71.77229250014109
485,3.251848922078266,71.73048836180207
486,3.2328966186827706,71.62714443483128
487,3.2001618394820763,71.71941526182786
488,3.140097019013983,71.54082912134047
489,3.2447603076913625,71.82886203009191
490,3.2211718820147164,71.80842592472908
491,3.2073220783876137,71.70488780527762
492,3.1526021422067205,71.76767731852547
493,3.188817313174612,71.90831907060802
494,3.2015629814138764,71.95793651856145
495,3.155325139109041,72.01945568014868
496,3.1763211821731017,72.12280326525955
497,3.2330849989805235,72.39598106971356
498,3.2158951754856075,72.36428189235255
499,3.2363831429079988,72.50545331442297
500,3.2763885935504935,72.7868313329026
501,3.1910826104847483,72.5087208212407
502,3.2709371047714306,73.02485469339464
503,3.232871995628382,72.95521918081936
504,3.2757590273715778,73.21489572598819
505,3.324542274523524,73.58490339101407
506,3.309288180371596,73.58643518629154
507,3.3576919103523393,73.79670585679956
508,3.38483137899411,74.15436113436185
509,3.416867707186077,74.35839482224229
510,3.462928789808782,74.62821526683506
511,3.5662234403410005,75.10912585070433
512,3.5304781131834413,75.1669131400721
513,3.4210885962113537,74.77248900604577
514,3.605527967017015,75.61973597707532
515,3.473953035855718,75.18853762342833
516,3.4637300875449046,75.478528760704
517,3.540764891378373,75.91926647636991
518,3.6994374922772275,76.36462853432754
519,3.4738389804089573,75.7506750705337
520,3.46295982226367,75.80627727338353
521,3.5246927077549444,76.06314975784161
522,3.4895938292350377,76.11619368541463
523,3.525858884880256,76.35643511776775
524,3.539791735202242,76.62735829980758
525,3.5554299733216324,76.67219415727806
526,3.533011813080069,76.79608766780073
527,3.539159541651449,76.91037752083679
528,3.4738750956991438,76.74337335493942
529,3.5621339844126094,77.13555646223881
530,3.6033842219451677,77.21164911977303
531,3.5547375353801898,77.26863632760742
532,3.550460092914924,77.65992769290557
533,3.590191468208433,77.69917510621627
534,3.626002384728444,77.9243428249779
535,3.6435034912732362,78.00923986836834
536,3.7263934214097203,78.47108271748829
537,3.8022900928524743,78.86568841140604
538,3.8570002574651876,79.1672477675386
539,3.8001999047793937,79.1477704640686
540,3.7640904056470834,79.03627081452132
541,3.839986282157716,79.4613056881597
542,3.7769206652546434,79.38486153239423
543,3.755163110604977,79.12174105621428
544,3.772211382842928,79.50240471337884
545,3.7210420989079194,79.35408552433582
546,3.7881644443429554,79.58954940810641
547,3.737174062638104,79.79577320731119
548,3.729286301422213,79.70536009235158
549,3.708391614266704,79.47522257162025
550,3.723457102750639,79.75954017872094
551,3.7581963060844497,79.85252153688977
552,3.7945953008110025,79.89966585064322
553,3.757595555492183,79.89275031172978
554,3.764521663149868,79.88604947380185
555,3.821966670174083,80.02136581945977
556,3.7687420356016443,79.81822780034966
557,3.773577045405934,79.8939592852882
558,3.821171224038244,79.91988360060522
559,3.7252104899448826,79.52891468949962
560,3.9126795818222098,80.32954897147084
561,3.9062054918930307,80.15652030929958
562,3.9160415679674103,80.17680400261914
563,3.9179317292576115,80.13038156867047
564,3.926005367419351,80.10613817072624
565,3.7387548549820484,79.51248524461194
566,3.843755396686292,79.96954399553607
567,3.7799157339798874,79.49997589966593
568,3.74294741466377,79.46752813639752
569,3.739993207419043,79.44066134770351
570,3.7450713873649466,79.32413681327455
571,3.634355254684925,78.9914760980512
572,3.6771305856153895,78.96759799621549
573,3.63501284233332,78.8705152678178
574,3.6741480092777103,78.96024494990266
575,3.621735414351502,78.90794335391365
576,3.6136177693195752,78.95446793091354
577,3.6317776191357467,78.85595143848177
578,3.6698733303007347,79.05875662748757
579,3.6308597252243575,79.1629072530392
580,3.6756139377721424,79.08106496882273
581,3.674466928483486,79.00737870963817
582,3.750481191712252,79.49525906257826
583,3.6247348850513625,79.05578225142617
584,3.6994977419181763,79.35575900937162
585,3.778451975343607,79.66792668905306
586,3.651439970073688,79.19153266828225
587,3.6742932110816007,79.57933290953297
588,3.5750761748760964,78.84286177075045
589,3.646471154909737,79.43148533537291
590,3.6882087185325165,79.395785318736
591,3.655027820953009,79.52082600779484
592,3.660203389574563,79.57905420068678
593,3.6667632780055555,79.70241559891798
594,3.6622357527070197,79.74116415350461
595,3.600425661577781,79.74150208125046
596,3.64465926345295,79.95049055723163
597,3.7370125087306194,80.19240962409309
598,3.6165964842429488,79.94575515949913
599,3.6421471261918934,80.17724036490867
600,3.7523144259348875,80.46718064561128
601,3.731221352757929,80.4191493237668
602,3.8190058463479724,80.92273385726894
603,3.798936762889939,80.91088319866869
604,3.8422259045256357,81.26393441067339
605,3.8297323497592592,81.31140539797165
606,3.7529710926092505,80.98253937739217
607,3.7016779274230265,81.01118134018347
608,3.983047662395274,81.93012256586846
609,3.760933125227734,81.16505813864562
610,3.762816755192588,81.1197406796422
611,3.7890446636536392,81.39274413782849
612,3.8957271627191696,81.69481406936113
613,3.7370179820067793,81.12977329409476
614,3.8260437716357507,81.56375292324937
615,3.622477306321334,80.88206994001081
616,3.976072138319348,81.9157793221408
617,3.8159215917628058,81.39474023646324
618,3.7886533528025383,81.26336446127915
619,3.707232406437306,81.16093592736658
620,3.7613337843846972,81.34359844314484
621,3.749369541292607,81.19300945258396
622,3.736171949234787,81.16356524210094
623,3.784174429183247,81.05525623862631
624,3.8214158105581673,81.18050694840446
625,3.740140752843368,80.88111556643781
626,3.67117245460276,80.70670868572977
627,3.7949810724476123,81.1810718008216
628,3.834792128089212,81.21522698621982
629,3.752092057056157,80.74120827689147
630,3.7058045424162955,80.49486391482932
631,3.9039205269670862,81.06513716270035
632,3.8329694120456383,80.65794830043521
633,3.7444145143020933,80.49611894564357
634,3.888610405294747,81.03447355806756
635,3.6583384330193494,80.20613086592685
636,3.873006459337099,80.98204425911757
637,3.770711946921117,80.3063807702346
638,3.7724560350323917,80.22702748794713
639,3.6372656674921164,79.97181418582225
640,3.6525938300060936,80.01494487712047
641,3.6838298026371956,79.83158458121527
642,3.686163564131392,79.81137024069292
643,3.671739091539849,79.6277355699722
644,3.658520831941942,79.61279933916148
645,3.57194411120202,79.48418362369912
646,3.6174452063353475,79.42883048267183
647,3.7288026891253674,79.7282006206496
648,3.606173845628791,79.47144214948673
649,3.5307048563226338,79.19195797977964
650,3.6349399225697345,79.41847006711492
651,3.7015833080596687,79.65941841970408
652,3.547823133280594,79.35568160728026
653,3.6390266644108156,79.26359586862098
654,3.6829418582422386,79.53901820790225
655,3.6724189615588436,79.3421517050836
656,3.646603033737399,79.34354969601641
657,3.6723904211394163,79.53142483306928
658,3.652805977090093,79.5678255772684
659,3.600900645535768,79.36967253801251
660,3.6167918713213747,79.36497977432052
661,3.5086131524358093,79.41642491944553
662,3.4443576604116206,78.79764078989615
663,3.5736858124075166,79.4048382908508
664,3.525271779459849,79.11077904886365
665,3.5945325682812372,79.31222028778534
666,3.504409658893626,79.32329097441472
667,3.5756707507216077,79.43567466483705
668,3.511331247794669,79.34819068571362
669,3.4863219448097307,79.16648999273282
670,3.5511850439190007,79.48545706806007
671,3.5445716141285577,79.74232077502367
672,3.4945377590397104,79.86616630901271
673,3.4915224949847756,79.76784046259863
674,3.5951114221370073,80.05025346808122
675,3.6247872860031283,80.39249344220298
676,3.5857163857694396,80.29509672782572
677,3.6383480788255804,80.54666814283743
678,3.674305412070694,80.55454503631353
679,3.660632663837607,80.8433122395865
680,3.616080587122638,80.97182524462892
681,3.7136362091465793,81.34319231730345
682,3.730730671962099,81.43718036914989
683,3.7826267584360442,81.80326512828996
684,3.7296759260565495,81.6453483457697
685,3.6934868390695783,81.61549342336902
686,3.747265485357885,81.87524490648228
687,3.7107508572683248,81.85211651226658
688,3.6718850372105383,81.93917192668751
689,3.7262075674832853,82.11303663944676
690,3.746349590785372,82.27623788460349
691,3.683365029827184,82.31977860545652
692,3.6839516593996864,82.36313055629682
693,3.7663381740045714,82.91352094361841
694,3.7124223800523315,82.64932206694606
695,3.6538964194509336,82.60992618285573
696,3.7508324397969552,82.83637586739135
697,3.837400209956231,83.51396264266373
698,3.7449829773145056,83.42752711583026
699,3.8905021295962485,83.7305078561397
700,3.850352479722801,83.89468329770989
701,3.864688582958958,84.03609455648237
702,3.913929571537579,84.34066569619603
703,3.9575622366005976,84.74821104931615
704,3.9707548097387075,84.9188674522507
705,3.9605516618658965,84.66317415825827
706,3.935703168075617,84.74055369849243
707,4.037307385984066,85.44186370433877
708,3.9789298386077943,85.16182663413565
709,4.044779277641847,85.63497259574322
710,3.9798142040185818,85.57049178735014
711,3.941588920984394,85.39121046274549
712,4.079419988562046,86.22318835215822
713,3.9518956508716143,86.01719499286968
714,4.048988906191702,86.32730605645752
715,4.145875431650452,86.72434075822747
716,3.9822995042076093,86.24471950521853
717,4.088107946736216,86.57966878424905
718,4.128811888819367,86.73620071847682
719,4.091334465779858,86.8449807140549
720,4.1849345990075495,87.08760858359634
721,4.146090844569165,87.14918223109218
722,4.223354986329375,87.53721126887221
723,4.115673069739124,87.03210500102585
724,4.253492742898823,87.76201205725384
725,4.230899142031056,87.76477457048956
726,4.239778442676773,88.0092128317332
727,4.1725441051392735,87.56300872135246
728,4.184498478306875,87.7569836181999
729,4.326652448329993,88.47597496651255
730,4.17825186862093,87.73649074870832
731,4.294509899276238,88.4282622485035
732,4.297494178984158,88.39944895576218
733,4.252082501304675,88.02011630953825
734,4.240181162532021,88.20882760965455
735,4.275338529312489,88.08857315413636
736,4.335565723972366,88.46915144356213
737,4.349400710178115,88.63100863272145
738,4.190466926160093,87.32184183784204
739,4.2716267403704995,88.41372906576095
740,4.248585083202624,88.10799155131761
741,4.1322816117159125,87.38549006108803
742,4.281910961099312,88.22218656451508
743,4.241070284456546,87.85087700644074
744,4.218905993961406,87.93560888894845
745,4.256788008500613,88.08546112105664
746,4.224359081955423,87.73672778515535
747,4.324603827904972,88.08956364421027
748,4.133612460999344,87.42550829477193
749,4.155097589144761,87.39354132760452
750,4.177185494166817,87.45860645698073
751,4.203063648823972,87.57294033245839
752,4.153113570042506,87.31364631405779
753,3.9581941927315496,85.84821624870024
754,4.181991218061811,87.5776088864836
755,4.201084167048052,87.36194683247372
756,4.210268748107149,87.65936566660893
757,4.063526188297541,86.45456822744696
758,4.184732317208504,87.40051271677261
759,4.189255897667254,87.3057722205476
760,4.128964994199513,87.00338144860991
761,4.130772684291211,86.99842613764255
762,4.112346119564642,87.12072586436629
763,3.89121359787335,85.76884166159864
764,3.9603074447467295,85.9565954283904
765,4.103629895055825,87.14157511591851
766,3.9346556351016915,85.82806535806002
767,3.967420863504444,86.30380729764293
768,4.067383104330373,86.6979792037074
769,4.121656019997693,87.26780555834057
770,4.079607461233448,86.81175310755118
771,4.136864094783156,87.40534695677538
772,4.032107616266546,86.64059620446366
773,4.023662753498813,86.83510153354268
774,3.9909052141375803,86.68260166509688
775,3.9930652690709545,86.68426951976205
776,4.09843700214383,87.41137910005693
777,3.984672290434573,86.7378891645933
778,4.172373661699915,87.8874288745104
779,4.263346526738423,88.9499205256368
780,4.097731002976863,87.40448203738808
781,4.1264440121548684,87.61626272837431
782,4.3689520828059285,89.35483815483315
783,4.194802682079441,88.301461132407
784,4.139222868400068,88.21344310558176
785,4.303284744218197,88.95911604883617
786,4.402914266142968,89.8352199084838
787,4.385826478091348,89.80328542273584
788,4.3434320888706175,89.4348706826378
789,4.271801179484102,88.96440340930116
790,4.2300911511409085,88.85476000605888
791,4.388911542995994,89.71787152420669
792,4.291790640139197,89.1568420300694
793,4.276861166227272,89.0025830351729
794,4.262966040415074,89.15075271281987
795,4.4289608547827966,89.76343273835897
796,4.321877120346903,89.0449095465413
797,4.3316494139129675,89.65186278353976
798,4.262995337024655,88.98657069616806
799,4.304683842802149,89.60745293915178
800,4.292525355186689,89.1520928990577
801,4.343286951590756,89.20525716933224
802,4.213061812165385,88.2386214568047
803,4.300423961230598,89.2130261160223
804,4.146389172828853,88.19445233738693
805,4.150649031529563,88.28270586640603
806,4.192689904513447,88.348623756142
807,4.036914531548999,87.74861621484185
808,4.23614060279128,88.33200205360392
809,4.226145363014608,88.24497842064731
810,4.072216437519186,87.31933464380872
811,4.106902816029256,87.39310279352766
812,4.167636156027851,87.67962279690863
813,4.069669952855081,86.98588054154123
814,4.074375742332419,87.76290041325382
815,3.9944767946823987,86.41784432068206
816,4.091698735661793,87.24341481584305
817,4.040785143749787,86.82720456738593
818,4.124402838277193,87.1961416319932
819,4.046116360190662,86.76315530155628
820,4.025355128664995,86.3172676193387
821,4.010386776598122,86.27784106142069
822,3.9727805809168064,86.20272932482537
823,3.82028643206432,84.58396512286306
824,4.024902055624358,86.54379061843618
825,3.9176847549920275,86.12543385364111
826,3.99841755770276,86.46016648382961
827,3.999026566878112,86.27528297521913
828,3.883829398588918,85.93462647367231
829,3.9839417900300123,86.14128518782454
830,3.922178957469919,86.23117807320615
831,3.901203526236564,85.84424770217157
832,3.9482364640355647,86.21077945964403
833,3.917498128045275,86.23385505447781
834,3.882248997835907,86.0562433700553
835,3.867878768522367,85.91448237459849
836,3.8411914837016603,85.63860193003833
837,3.932621817798277,86.04188708142946
838,3.826791271598384,85.23622204783327
839,3.83762863168513,85.36895823695998
840,3.5878362991783392,84.58977563298807
841,3.445555430476682,83.57115708067609
842,3.7811823341964357,84.94998543233925
843,3.889268582820434,85.59657890973754
844,3.469256587307781,83.87323101566919
845,3.8459512005104086,85.35514783731337
846,3.8297557234666324,85.31308831865766
847,3.8760159238800553,85.427910901654
848,3.793465778828833,85.50795332029726
849,4.043322516467569,87.02382828465291
850,3.9842060267132156,86.29847529085552
851,4.001489851914348,86.96912128022139
852,3.478625646179855,84.87617756923417
853,3.8151433497795524,85.54682062175667
854,3.8650592400283936,86.18156319273015
855,3.949492210594092,86.82319786383475
856,3.914515512844067,86.5117478898415
857,3.9262531277031423,86.97300003751485
858,3.938386743883031,87.12221267000531
859,4.0681367545035725,87.74349870250346
860,4.057675764792608,87.90433290263145
861,3.8327834655611404,86.78636921576494
862,3.9396165756389143,86.99154822851813
863,4.138412362524946,88.44532287552695
864,3.8640412412311806,87.24555462323848
865,4.163261473299468,88.9583384237066
866,4.066444579555413,88.3717792399377
867,4.117035718540495,88.82707766095012
868,4.156803447212338,89.17150594824795
869,4.230050164334214,89.45487065411477
870,4.1985261079119205,89.50536475029381
871,4.178559267521421,89.38594706786331
872,4.23123313277399,89.85095357862991
873,4.217283215730795,89.73504792050991
874,4.167098315653404,89.66570826016796
875,4.090253079368065,89.03320227174467
876,4.195160368323753,90.04197645735617
877,4.179870799916416,90.03516861873835
878,4.297937078363426,90.70609149994195
879,4.230584553062091,90.50587626777828
880,4.236179970813151,90.75064137968467
881,4.235994136090268,90.72090421069376
882,4.331788917055926,91.62023917529429
883,4.330109056937509,91.77695133375853
884,4.410558228827834,92.11200542626848
885,4.406879444695037,91.97762978263053
886,4.340380784765786,91.84702519006969
887,4.378781121028831,92.07762897684285
888,4.320209796913933,91.44501506904037
889,4.442169961451434,92.548236816876
890,4.451480794535192,92.80481550577203
891,4.180711487977239,90.78333863250343
892,4.423677724460858,92.90887006750674
893,4.464747020149054,93.2259912464551
894,4.489515828045389,93.35967921327953
895,4.432916108199106,93.31220379367632
896,4.337922840153482,92.48015261552551
897,4.423708256931691,93.12072610798344
898,4.551764510270424,94.19333981133843
899,4.483024332751172,93.77013373552562
900,4.2930923345177705,92.93361314481196
901,4.401545669055849,93.47955370628324
902,4.34716373213514,93.19171909329678
903,4.398175950248084,93.81656277534158
904,4.47486446362307,93.94988069211493
905,4.462066059799115,93.97463947455526
906,4.471682578598931,93.8064099721737
907,4.53323818803877,94.29483329359873
908,4.405466135156776,93.91648662021153
909,4.543982632385031,94.83846065061222
910,4.568692597852765,94.75913855549115
911,4.448638561908438,94.19855017540552
912,4.535460069622863,94.71775222827686
913,4.575745538186216,94.74355333098516
914,4.490249604565198,94.30637939820693
915,4.571215703931232,94.79352888598264
916,4.672772346812601,95.28885415270803
917,4.387514549160806,93.54445782938978
918,4.526155619524552,94.07035051564678
919,4.3159376468272095,92.64955999717053
920,4.3181096304426685,92.43188668902134
921,4.373477283965808,93.17377284315386
922,4.31671324698558,92.41106640141568
923,4.353244590018188,93.11399247027099
924,4.190530615774004,92.71395471042145
925,4.347128842415632,93.61886492034432
926,4.222727447897372,92.56124445239098
927,4.221262044721993,92.66505630747011
928,4.245019526287497,92.35838684665777
929,4.259646591071198,92.36468505270277
930,4.18873886458092,92.32512526214607
931,4.282190132743787,92.61672839875567
932,4.173605721993733,91.63702339889893
933,4.409658657700848,93.52315678748953
934,4.267126760638812,92.4122694148
935,4.017970471994311,90.84208786860079
936,4.224519011668545,91.84933150240036
937,4.208771140665659,92.31440608380855
938,4.35162070309798,93.68442642736599
939,4.3383284973737295,93.2933729525353
940,4.347893150538577,92.78094179131246
941,4.235456185846886,93.02331150277563
942,4.391342366378793,93.49186820739494
943,4.409136901913651,93.50883124223148
944,4.441600747978539,93.6630658239082
945,4.4001786470426865,93.67283009666558
946,4.32000558545992,93.32492058973784
947,4.26096586100883,93.50737191381926
948,4.090497260526564,92.04845733841447
949,4.469832410959174,94.0666744400102
950,4.336542126562433,93.84945508807068
951,4.355052123073554,94.06416077901575
952,4.372815485005264,94.27637740293984
953,4.201343690538201,93.04501274577511
954,4.241341233347342,92.86715766484711
955,4.287002056406099,93.55335550806312
956,4.282274286675527,93.54958100491511
957,4.247687510511506,93.32135051081316
958,4.380932513615296,94.33475232043777
959,4.279859779622044,93.49141670668583
960,4.323652450476632,93.71307002752133
961,4.3062055357416495,94.12452002973279
962,4.4156114831277495,95.4043482216067
963,4.473563943595336,94.8904980634206
964,4.46221433743198,95.17529484917932
965,4.225428683738119,94.292135470062
966,4.425696125908873,94.6363056169859
967,4.666651872190117,94.94997377602077
968,4.279004388714782,93.80524288473711
969,4.394636853637652,94.53912459808662
970,4.325035005047927,94.34621974965427
971,4.32951435500049,94.4229389294257
972,4.340032666497286,94.49943247496772
973,4.394122233430968,94.57314768339131
974,4.380599916536715,94.46176847543215
975,4.38296383717157,94.49947677645339
976,4.585246149662938,96.27639407070049
977,4.5740289500998035,96.13288734514254
978,4.406399216593995,94.72081559821744
979,4.380818684972749,94.55083954839064
980,4.434679963371026,94.79302811785486
981,4.264848882983822,93.85645636386758
982,4.363469209531521,94.45287719704578
983,4.7264005442462835,95.7428168606361
984,4.306583215144074,93.96115563272241
985,4.356699973093497,94.50629332897286
986,4.336929479263577,94.25919771191114
987,4.247868941189611,93.59590410725815
988,4.219767267828621,93.25276872787273
989,4.182172243937258,92.92482264454956
990,4.473911006268338,95.58142077496389
991,4.363233804698824,94.01824422691611
992,4.1877508135809025,93.039688600962
993,4.163036152105109,93.12468149615613
994,4.158245043344987,93.01607419158977
995,4.093850978600077,92.38337501794744
996,4.719051118632691,94.83261095289328
997,4.248903697198562,93.24120790303834
998,4.660484196128484,94.53558249296645
999,4.13702257773169,92.31639585167018
1000,4.11446924736037,92.56590366195513
1001,4.110801994831154,92.5455557567357
1002,4.102277572891729,92.03144304917758
1003,4.023252695002549,91.39886966871435
1004,4.116999350380166,92.55322288166712
1005,4.025287456355208,92.80917694748955
1006,4.2242914489936485,93.44681798642898
1007,4.2020591426138365,93.31471944213115
1008,4.150629585165865,93.2283602693589
1009,3.868813969047635,92.45001567831991
1010,4.153718437074847,93.17888528021346
1011,4.202010266039216,93.31027757648354
1012,4.138433326591712,92.84472295812803
1013,4.215303145039196,93.57693793911184
1014,3.8499222561683153,92.49327851266258
1015,4.190882299496917,93.51950381246523
1016,4.153257713983445,93.63349773699964
1017,4.108794513469425,93.29338830499468
1018,4.2452502391239735,94.1555084892486
1019,4.201480384033873,93.78591877283894
1020,4.150545091383849,94.31806805054705
1021,4.37207450976558,95.74401703194381
1022,4.395478384615619,95.87304386494543
1023,4.4014327501189525,95.5100480527977
1024,4.377543400850525,95.84007688594444
1025,4.3542258714038535,94.93987836515294
1026,4.381199792707322,96.10574420570016
1027,4.245784586909272,95.31044749565774
1028,4.274048378453377,95.72346536139186
1029,4.430447542414826,96.41791038155424
1030,4.413856011123098,96.02772422435073
1031,4.305635088429417,95.72522580365118
1032,4.307148026215877,95.38199443189392
1033,4.41132717506622,95.06510572741952
1034,4.3655496585644595,94.82052951726313
1035,4.393653851853355,95.11240928223485
1036,4.514466909151083,96.02015432822913
1037,4.23344554088468,94.55669194228197
1038,4.474586425703831,94.64422431580698
1039,4.184322706619681,94.14221057539567
1040,4.214368601477177,94.14012200995799
1041,4.391884780357055,95.4066280091437
1042,4.201134525100405,93.91081763071202
1043,4.52188679766166,95.9786420725653
1044,4.371728399669337,94.04738520828056
1045,4.396675051961039,95.57660168829241
1046,4.156266449050795,93.19687362080862
1047,4.337592209755063,93.62764155820074
1048,4.296641615654462,93.45744525901603
1049,4.4739931210352495,95.34035812902796
1050,4.108119372562568,92.98742229170679
1051,4.478088238271677,94.8663318392146
1052,4.1491579366936815,93.8013330766607
1053,4.266681484609108,93.91040092734048
1054,4.145557343878069,92.19612673628043
1055,4.2189518396433945,93.71792329651137
1056,4.346328513760115,94.93676985526291
1057,4.314122585855741,94.87768494440006
1058,4.41885466256765,94.72784600363931
1059,4.303540167895136,94.41217550519424
1060,4.1872751150571625,93.22202254294739
1061,4.286881376413075,94.5423337773034
1062,4.236178578496247,94.06385738502588
1063,4.257813344845947,94.37189318128209
1064,4.280326827726607,94.3845250723832
1065,4.197983026484181,93.79946254271223
1066,4.170937112507264,93.7018390192782
1067,4.24881927639385,93.9344210865406
1068,4.235679283800266,94.15199963214319
1069,4.28007938358626,94.32706762192758
1070,4.1871274753593255,93.62806489743778
1071,4.190491092424686,93.64458697535102
1072,4.271248043285702,93.77662455195289
1073,4.227004261787439,93.58796080783353
1074,4.401797792730224,94.34141851896084
1075,4.197639275436177,93.56815325750888
1076,4.234410512261608,93.89669419776959
1077,4.2633073997392295,93.68593036107536
1078,4.238091700298582,93.88636526273443
1079,4.176439809314234,93.74165959576251
1080,4.202017168050604,93.90734201295282
1081,4.217134773983932,93.58655576985976
1082,4.305164643284056,94.03040061729327
1083,4.2638034319779505,93.90410042041009
1084,4.180976929167161,93.46147539135033
1085,4.174029546049105,93.25928752250546
1086,4.156942768234756,93.50203137864841
1087,4.264756678251264,93.62233016654719
1088,4.194207875965928,93.44998850431526
1089,4.215117227659914,93.56498490540294
1090,4.089148674048794,93.04857799012923
1091,4.237235852921771,93.5422564196995
1092,4.192373951390554,93.5649278473555
1093,4.1963449526866015,93.24725190071268
1094,4.234768980249678,93.70903472244514
1095,4.533169708603934,96.18533881999028
1096,4.582959522153764,96.1850199333802
1097,4.126147983222172,92.94490482907771
1098,4.50464081050953,96.04047256286681
1099,4.189622236696306,93.21379104061266
1100,4.469126795484281,95.37734871396515
1101,4.531523941318378,95.55169700377294
1102,4.458904530775553,95.54088337684772
1103,4.553413093180567,95.52942682345368
1104,4.525084563267612,95.33291954462116
1105,4.480987665139354,95.03943331072813
1106,4.45155892130216,94.7561265897879
1107,4.408091199795909,94.52474972232145
1108,4.09432698473524,91.64124952322813
1109,4.467488757202023,94.46459014479922
1110,4.48216850962457,94.53760532686326
1111,4.480537169758927,94.38656002530979
1112,4.468977856249975,94.2202962292505
1113,4.501810374457119,94.07852303417538
1114,4.486916201211874,94.27920875220002
1115,4.45192804057606,93.8927702240012
1116,4.342569049913653,92.54377560350102
1117,4.474158498236563,93.73971153720777
1118,4.0170789718267725,90.21904074594141
1119,4.002115342051986,90.47091751070731
1120,4.291721709660904,92.70356567644181
1121,3.9985339798396033,89.87134485911798
1122,3.5512371323249563,86.8002902943446
1123,3.982923127471738,89.50813152345953
1124,3.663795398099712,87.1983314121293
1125,3.994242114172778,90.1575916726666
1126,3.577648416984873,86.79935938009254
1127,3.6015026048517043,87.44117672202329
1128,3.7319229516369257,88.01441189182718
1129,3.809338362213452,89.21671035890326
1130,3.5480860232916758,87.22299521654462
1131,3.905402884543045,89.57027106083609
1132,3.776044235147559,88.79101820836624
1133,3.8503150647864457,88.75075617641004
1134,3.895798351802692,89.630667003388
1135,3.908934334987235,89.3764907303777
1136,3.933177306855712,89.79407188082659
1137,3.765984254668006,88.46547647225641
1138,3.8387999364321654,89.51363756737598
1139,4.223480929008285,92.25677693473324
1140,3.9426821362931186,89.8516380937044
1141,3.7554992296706864,88.749375011725
1142,3.9832442202637495,90.21379975265312
1143,3.8023808855463135,88.87385567082026
1144,3.924305776535103,89.97805963493052
1145,3.9595910110714723,90.13014937831632
1146,3.913254985686548,90.27281078918395
1147,4.20715860830193,92.3408929499163
1148,3.8576397292052422,89.45376331279732
1149,3.9803871140043214,90.74092965084307
1150,3.8743810145005857,89.30464488780031
1151,3.945781278782382,89.64720829399218
1152,3.979773869340799,89.64343610555518
1153,4.180880327194638,91.72545873553592
1154,3.9603616755335995,89.72371815026113
1155,4.269699296099017,92.01750159743663
1156,4.06960435480472,90.59746514696575
1157,4.411107737248182,93.13142392184795
1158,4.362540144184557,93.0483329507902
1159,4.331683599129781,92.65497495151307
1160,4.352843003019654,92.71380100110724
1161,4.366059886676977,92.53211529193183
1162,4.193927706255989,90.13616469240544
1163,4.297524432548658,91.95854631545839
1164,4.4104305836592745,92.49661876540563
1165,4.335698594803777,91.57391322850128
1166,4.096973326589445,89.80743089840243
1167,4.357261699013238,91.79328054955761
1168,3.922744549599515,87.5322456245382
1169,4.167767780103798,89.5670741669845
1170,3.8996882311632888,87.26163759536585
1171,3.819978159586344,86.47179735773736
1172,3.7866619240468857,86.26218913477479
1173,3.9234342885970186,85.97134036852216
1174,4.025512435165081,86.84033744058794
1175,3.41597745333516,85.02802876580253
1176,3.8409145015070028,86.58898449738867
1177,3.955783874802511,87.00822143047904
1178,3.814689937260662,85.60180368413674
1179,4.04027140124991,86.6135571050422
1180,4.0679572408732705,86.71656954510283
1181,3.974442636765558,85.87606753054226
1182,3.818382318915348,85.9774409448781
1183,3.8187558224071236,85.23504710250681
1184,3.8956075400116554,86.209902357524
1185,3.8794933901917013,85.51142172026803
1186,3.7956942732140373,85.44531855946789
1187,3.806884441856694,85.69341004755775
1188,3.8775462679302017,85.8784409646249
1189,3.8766803488456922,86.04540420022786
1190,3.987982333352287,86.2193774597422
1191,3.8495560519496297,85.28752820192229
1192,3.7466938230324285,85.192046647923
1193,3.874943444161064,85.53283027751164
1194,3.7875378142037097,85.61087225770393
1195,3.711899243198562,84.94901179280896
1196,3.812347173671994,85.90652221732233
1197,3.7893747133656586,85.77591679241041
1198,3.7948347819827815,85.53759246422857
1199,3.8451057244010616,85.94278493705741
1200,3.9677537002189798,87.01788557951984
1201,3.9517042103219753,86.98576188198952
1202,3.990908799108815,87.01614747083455
1203,4.349405162754264,90.0164865698204
1204,4.052412850934949,87.40549571625516
1205,4.043794786769991,86.98202908031499
1206,3.948769608752555,87.43828394697302
1207,4.398229539006124,90.40953723431758
1208,4.306828714504498,90.46619601888237
1209,4.093275336466907,88.5696464051761
1210,4.330997913579173,90.41665231432614
1211,4.327273768631244,90.27182432908307
1212,4.426798846479694,91.18050500684355
1213,4.357105521529572,90.66624300231277
1214,4.440992569813843,90.75609892078886
1215,4.482691332892468,91.48747472378636
1216,4.429651532760076,90.95439933995921
1217,4.402260090527109,91.0299842258525
1218,4.411813724746113,90.70243474243689
1219,3.6294114393814594,86.5426029496409
1220,3.9141485869908395,88.66373170776771
1221,3.5894284666389153,86.10944695089115
1222,4.3255566736198965,89.99596667550706
1223,3.8470737184592143,88.20823946196992
1224,4.380036930215485,89.95009714932922
1225,3.835682803343342,87.68920371063473
1226,4.343163581878093,89.80257239604337
1227,4.174274891957985,88.86444109124383
1228,4.2086992190451795,89.0328216880162
1229,4.3114840132065835,89.20687392006352
1230,4.228822890845644,88.84653701975049
1231,4.256357594683332,88.6440217733994
1232,4.254511710459179,88.6070522874385
1233,4.220632519518792,88.56452255886049
1234,4.1089712664612845,87.66167825474162
1235,4.067879736439013,87.30760223009334
1236,3.7803258083639157,86.04201775363978
1237,3.7736470665174764,85.66318163909096
1238,3.766881004557725,85.92953425649891
1239,4.14947494306544,87.33662917588015
1240,3.7732169624638385,85.59403779186103
1241,3.7456652272092383,83.4558625435544
1242,4.089531754472346,86.2681847182889
1243,3.260303396290513,81.89467799995182
1244,3.223705499863302,81.68712441937633
1245,3.3102444746666575,81.86600196455213
1246,3.2427650687883904,81.81830351214417
1247,3.2353403816781108,81.07851734429026
1248,3.7258285482901767,82.94516560370911
1249,3.2727100235744047,81.5122112050393
1250,3.1672028937451224,80.47665331097815
1251,2.8813712520955006,78.20167639044492
1252,3.1569030395841713,80.49043548994784
1253,3.573608875712012,82.0078046535261
1254,3.6276462221766486,82.71621426634019
1255,3.2829448466201314,81.12277866790717
1256,3.4984225809615004,81.29475488453413
1257,3.588624920616078,82.23840876537086
1258,3.5299441918447454,81.90364495942912
1259,3.4724785115714094,81.79989567520747
1260,3.543014455155418,81.79151764557393
1261,3.4492323506275286,81.21058108650587
1262,3.521186267880766,82.07865432592283
1263,3.3915201692915473,81.05639795248796
1264,3.2978030890850074,81.88344477484014
1265,3.490766259907306,81.34349619499285
1266,3.6980201082860726,83.54845924080024
1267,3.3838022914919224,80.99553072845572
1268,3.028593864639444,79.77903680649159
1269,3.52724155441719,81.67691292759959
1270,3.1059386861813434,80.32638727256821
1271,3.10924247635516,80.3253132724136
1272,3.130646231297952,80.6327368329344
1273,3.6233750537976217,82.97731284466352
1274,3.6317497469159052,82.75362190721333
1275,3.2384054330746297,81.60284349538155
1276,3.2704145180873994,82.01360438376906
1277,3.31081274856949,81.32846953701
1278,3.660204275430637,83.05167962098432
1279,3.2905309582122557,81.00635247008266
1280,3.1864371322139133,81.64159984458247
1281,3.0958120331695826,80.79055539338111
1282,3.7803037783270184,83.70702027687244
1283,3.843609438106597,83.44778736624045
1284,3.807365394073658,83.53781876593614
1285,3.710056905945287,83.30181233449639
1286,3.601063687178343,81.65830502064033
1287,3.694074210939166,82.78071514524821
1288,3.8076475885312053,83.21171785092471
1289,3.790927788771856,83.46895772686003
1290,3.5074683489419773,81.58974584643995
1291,3.4932011948843824,81.52673071682901
1292,3.45838024014875,80.98373341216661
1293,3.6629353815005468,82.1105398396752
1294,3.623273582001494,81.77130651995455
1295,3.6230627205731487,81.97155412233442
1296,3.600448317678384,82.02050886291636
1297,3.6153247413052028,81.98361075446194
1298,3.6073488283926642,81.742210103114
1299,3.491847701006998,80.98871796753966
1300,3.579490935128351,81.29411608292283
1301,3.5632066422848716,81.14682569325323
1302,3.5435303851018305,81.58766813679128
1303,3.531730508685735,81.20245300720768
1304,3.5359762661255316,81.00284927899261
1305,3.537941476584011,80.59994695490096
1306,3.272923459714285,79.71847903182463
1307,3.324999686790813,79.75625887300639
1308,3.5251766595963803,80.29358421545376
1309,3.5394369973007467,80.58698222018678
1310,3.3995038823537698,79.92735933398183
1311,3.3916609474134303,79.96085615148482
1312,3.560552753471697,80.14040865096163
1313,3.461426012131465,79.99209873329796
1314,3.4354051516590736,80.05618981862726
1315,3.44264085638159,79.5919777790986
1316,3.3902655946396583,79.91379063969549
1317,3.429609246801633,80.04054333644712
1318,3.3877324142927856,80.20618147711835
1319,3.062935638735193,78.82256358230389
1320,3.025549007943434,78.9814200533992
1321,3.0557808605244476,79.03373822361762
1322,3.2740467094209853,79.65263158592569
1323,3.372542280056865,80.23052849800382
1324,3.3699547561170142,79.91163833708764
1325,2.9520003808468327,78.55069627840494
1326,3.3300115728388637,79.71530632389202
1327,3.3930650949057006,80.21198240271642
1328,3.3922990648468034,80.2594269837912
1329,3.341550095815007,79.81571338059643
1330,3.5561732630375253,81.73612969131185
1331,3.3944289278022772,80.82944179005305
1332,3.495487647474714,81.17375039288018
1333,3.418509236802745,81.32597373213949
1334,2.9849998242890714,78.96326181650514
1335,3.1947477988296464,80.86913551694299
1336,3.305514067366966,81.09636301346875
1337,3.4071362298014476,82.19810585022925
1338,3.203206566240887,80.58687987167285
1339,3.397569801853394,81.7297948786524
1340,3.7568648138868754,83.37256844139075
1341,3.7113622073841213,83.05619089280668
1342,3.80664399828518,83.42350256221751
1343,3.5576386880527426,83.21269865948223
1344,3.8592609117203036,83.73612380866768
1345,3.5472325648342684,82.8961683921877
1346,3.385429579003493,81.88807465712819
1347,3.8514256371211038,83.53935651283254
1348,3.557713034564866,83.1984544000305
1349,3.727531561256693,82.99181869484092
1350,3.9429372348433893,83.41972920493679
1351,3.830810569154964,82.86238987042213
1352,3.9517649386954097,83.2180336831904
1353,3.9701017613366716,83.36681926509485
1354,3.811544743158783,82.070787629169
1355,3.5982617389658818,81.52806213551587
1356,3.8875097102120963,82.26671927951435
1357,3.8508863031754395,82.27212063168338
1358,3.7895603054459412,81.81783577362242
1359,3.759105548740159,81.57265413405729
1360,3.7766124797914054,81.40034356963392
1361,3.829450660763575,81.5859619982191
1362,3.7666820740696036,80.93431332482365
1363,3.752091637905216,81.32247486717107
1364,3.5997152943813964,80.13387296024051
1365,3.6430664439635265,80.28021427951496
1366,3.6099155903241997,79.99147209644757
1367,3.602403341837367,79.84093124472723
1368,3.345258960166294,77.67495263622422
1369,3.3127521636741504,77.23909475692273
1370,3.542886911262622,79.18614608637267
1371,3.578430761236458,79.11304044486238
1372,3.279026713419424,76.75874600200707
1373,3.2340954789545333,76.68288392016443
1374,3.483881829094048,78.62590097419798
1375,3.26973482353321,76.8507674018268
1376,3.201810389182656,76.28660289634722
1377,3.0748529653452565,75.80350012832214
1378,3.3937660877260702,78.02780871211748
1379,3.1176604788812092,76.09123570540616
1380,2.72570632042871,74.9637224958791
1381,3.183177142342647,76.6305698286202
1382,3.013297261117294,76.03779705467147
1383,3.1403549458188214,76.37157814674435
1384,2.6738763364579503,74.8256885250043
1385,2.7600367616127546,76.18416516429583
1386,3.2353975355956224,77.97024156310854
1387,3.18338478903573,78.01286768375448
1388,3.2676459152478974,78.32727336633526
1389,3.193053793568558,78.02512677594191
1390,3.2329633607418824,78.28245570644089
1391,3.2734743496929326,78.51031056954659
1392,3.2689804943505445,78.48878735758652
1393,3.307493449794501,78.43422175142133
1394,3.288962987870286,78.63168125728296
1395,3.3270071796884535,79.2631363245976
1396,3.313063176976213,79.2250788084235
1397,3.3587795237862306,79.68730698798083
1398,3.380677167851262,79.88170996240085
1399,3.370407136853181,79.9317946659214
1400,3.437894256378027,80.49022570409294
1401,3.355891049680423,80.10596604987035
1402,3.4430234038317646,80.56534101131909
1403,3.308213720804893,80.14670069911088
1404,3.4962759678838102,80.8666479242177
1405,3.4502426581326757,80.51051218423876
1406,3.324610092790277,80.37294482608745
1407,3.3822564075702624,80.26629183971282
1408,3.4846620840502878,80.74184846545056
1409,3.465253944435786,80.63990780868168
1410,3.2673728690713824,79.76806805289624
1411,3.2774007573961184,79.79231086719432
1412,3.3984705918350735,80.5525494114273
1413,3.419334978287766,80.86140564059048
1414,3.357253105583921,80.51908074323573
1415,3.5009965591766754,80.70237720641349
1416,3.631154421333855,81.0668253965867
1417,3.683271622537388,80.99522275408432
1418,3.5337828488187135,80.41419797158993
1419,3.72816951955815,81.21920781036708
1420,3.627011525867076,80.4931076962108
1421,3.4803230368979228,79.98547151143002
1422,3.680859594290852,80.90851991211775
1423,3.5882535132753284,80.20260271974071
1424,3.6075045587163745,80.13033037140302
1425,3.513466176154698,79.70380393087856
1426,3.7178970189793774,80.6873535173621
1427,3.725730548575277,80.68482296058296
1428,3.5190867926796066,79.48198778574034
1429,3.6121451652503556,79.99908115134387
1430,3.5079192343078733,79.13431910719412
1431,3.478146591832091,78.92475624206647
1432,3.6494234679627415,79.89616555917702
1433,3.50840607558276,79.59071741502827
1434,3.4428733697409566,78.73989225681683
1435,3.476195170506389,78.945208644517
1436,3.4421823010374974,79.03205956772561
1437,3.448745160446061,78.44282137750511
1438,3.529622994198782,78.96171177374403
1439,3.481969396591026,79.6573409402805
1440,3.568422350969361,79.62404663161732
1441,3.4331930916319724,78.84363739442236
1442,3.3751518481650407,78.21015077905072
1443,3.4295282637593965,78.01548537793909
1444,3.4021114731048616,78.67588999019259
1445,3.511401612295993,78.7428186292749
1446,3.420673663874827,78.57752724934731
1447,3.394485103845911,78.61119836605549
1448,3.454006909959983,78.3062672471468
1449,3.491337950323702,78.68108275182233
1450,3.487332493322475,78.37467157267575
1451,3.3691697151028426,78.58845677645888
1452,3.482905200418087,78.44043250767106
1453,3.4122201132639933,78.63597806216177
1454,3.391105787494901,78.52961983858927
1455,3.4914051220054323,78.63832440716018
1456,3.5082955188211793,78.90846894331261
1457,3.374584480775679,78.44326685869521
1458,3.402930655105198,77.72164992222771
1459,3.3210625541955543,78.33649684529507
1460,3.406668981504938,78.45770713827916
1461,3.1750714092985923,77.49068839460746
1462,3.075256239188368,76.76105894802149
1463,3.2252161898577767,77.39844331308339
1464,3.07073650836188,76.8987101614037
1465,3.107314873832349,76.53649256397229
1466,3.0514322934607767,75.72525078134935
1467,2.9521272162659122,75.68967977818326
1468,2.830927685819195,75.03207867094613
1469,2.9076095346015336,74.93634479022344
1470,2.968390966670323,75.05756090527883
1471,2.941949531928901,75.0094056129085
1472,2.920858930951359,74.54738696915304
1473,2.862097913170159,74.20543774729937
1474,2.977420974159207,74.44439175581286
1475,2.924841658007026,74.10335475012234
1476,2.953822090910878,73.86916380394737
1477,2.7944867108855624,73.44638917623122
1478,2.8956897645154913,73.27245669659108
1479,2.841358975812019,72.916405552767
1480,2.8882365389719142,72.86460215863602
1481,2.830194498969001,72.37498076577758
1482,2.807096522712053,72.07768417887971
1483,2.82003937039933,72.00857378843219
1484,2.7839494932646813,71.6513261578458
1485,2.8161221855477914,72.16600634163296
1486,2.8525561714126444,71.66650814910858
1487,2.8846175221499113,71.72016116204016
1488,2.8547233740753466,71.49382130827696
1489,2.842062141186907,71.10006114642046
1490,2.868528975801344,71.02108054143443
1491,2.8432390281522313,70.94044010690507
1492,2.758166355226431,70.20400567276296
1493,2.802065861704193,70.27628032660317
1494,2.7906121796685595,70.11221416341724
1495,2.785046491229584,69.87731189433019
1496,2.7077773403145473,69.41700666312359
1497,2.612603566731258,69.05745440395322
1498,2.6220456889197066,68.91907714358078
1499,2.4370639084957624,67.97369567177977
1500,2.3977091912161392,67.7231878939904
1501,2.3721662622983493,67.5942303242185
1502,2.3546052570821967,67.31209903890233
1503,2.3640039866125027,67.36919023609718
1504,2.382522908366178,67.24690280554354
1505,2.335785402491474,66.9296997494554
1506,2.2800420953728366,66.48277183215063
1507,2.267308604839787,66.46552677991896
1508,2.2835598012018843,66.15042984182206
1509,2.3398879833076203,66.34432399977591
1510,2.3045065195766847,66.08520931459796
1511,2.3637323762412876,66.07289534450213
1512,2.3505836083348663,65.94975461781594
1513,2.354570147692025,65.93940700981875
1514,2.417623465308311,65.99957286644484
1515,2.3607032222905553,65.73351120835697
1516,2.4457496679969757,65.85899477416102
1517,2.367030897934395,65.45160143876149
1518,2.392386808694676,65.43329063357515
1519,2.462545691979641,65.53352200563447
1520,2.3815855187386514,65.09698802305627
1521,2.4639968563672796,65.32353385340257
1522,2.4283676326977197,65.07171576921309
1523,2.426380360109458,64.92753756668894
1524,2.425297152353986,64.72168851892617
1525,2.4267823922300322,64.52982658945793
1526,2.35585418416922,64.09794338040109
1527,2.417654567132697,64.16355887552552
1528,2.3826038457524685,63.8252902988628
1529,2.3907515427344967,63.58481622077505
1530,2.3660869455693434,63.24228536598864
1531,2.3635159223537263,63.063814008773974
1532,2.297694383855423,62.60091246596885
1533,2.3463398753233844,62.57523653112887
1534,2.3111125883052286,62.1810918405433
1535,2.3483160987959115,62.21545465114479
1536,2.0896122250259155,61.00092646444642
1537,2.2808993363965433,61.4394318942467
1538,2.3015968792604,61.31674084791951
1539,2.3168809251114006,60.95337091513357
1540,2.030143496691321,59.80390260564598
1541,2.2793945510524205,60.40304161345799
1542,2.2800041234505932,60.19036764748744
1543,1.9636979379136397,58.85089711230824
1544,2.248161358342479,59.74024768810412
1545,2.250734481903966,59.352197657699854
1546,2.21755674415377,58.925086747937264
1547,2.1904482581483986,58.70611433663554
1548,2.188582710366177,58.431339829477224
1549,2.065868251389059,57.92463123894155
1550,2.0637229423487535,57.52834417860102
1551,2.0103132756355504,57.02679347683448
1552,1.239509193286237,53.774435127369344
1553,1.3189098604697271,53.894551330575894
1554,0.9941579287924337,52.56895840412131
1555,1.0611796892713359,52.525810846937176
1556,1.2132283561840087,52.927269956402
1557,0.8484078355434215,51.40886798723801
1558,0.8668054023667248,51.45921747937971
1559,1.0603132544195197,51.952039103532
1560,1.071771314648929,51.67558064071836
1561,0.85160896805123,50.69387168838791
1562,1.0669101834787063,51.29898186022463
1563,0.9083695131949833,50.62768969925626
1564,0.7207960601112449,49.69627508228722
1565,1.0245283958949287,50.54356922133894
1566,0.6601518236688483,49.00899465368604
1567,0.9462446194458228,49.83279780052891
1568,0.8181184083104762,49.175189869208324
1569,0.8405370144711759,49.0424168724975
1570,0.7091387188220339,48.33328795458916
1571,0.7563957699886582,48.39218290861439
1572,0.7373712396153917,48.087393284924964
1573,0.7045702115388333,47.76531338790593
1574,0.6488981431129578,47.40201926024878
1575,0.6734529749794674,47.35912167220668
1576,0.7655034015275367,47.56829762384409
1577,0.7722000629753606,47.21950417455653
